0 0.08880208333333334 0.7708333333333334 0.17760416666666667 0.4564814814814815
0 0.23209895833333333 0.37191666666666673 0.08268229166666667 0.2546296296296297
0 0.341578125 0.49923148148148144 0.26649479166666673 0.2824074074074074
0 0.3018645833333334 0.777388888888889 0.16623437500000005 0.445212962962963
0 0.4708125 0.808638888888889 0.1590729166666667 0.382712962962963
0 0.6649322916666667 0.8121111111111112 0.22829687499999995 0.37576851851851856
0 0.8989010416666667 0.7793611111111112 0.20219791666666656 0.44126851851851856
0 0.38215625000000003 0.3536944444444445 0.07230729166666663 0.1908425925925926
0 0.493828125 0.39528703703703705 0.07607812499999997 0.2669444444444445
0 0.6208072916666667 0.42505555555555563 0.11843750000000004 0.24840740740740744
0 0.7330364583333334 0.4479259259259259 0.1113437500000001 0.24683333333333327
0 0.8004583333333334 0.4349166666666667 0.09448437499999993 0.2397407407407407
0 0.902484375 0.4538425925925926 0.10158333333333332 0.22553703703703704
0 0.962109375 0.44537037037037036 0.07577604166666656 0.21568518518518523
0 0.9537760416666666 0.6608796296296297 0.09244791666666667 0.11034259259259266