0 0.08880208333333334 0.774074074074074 0.17760416666666667 0.45185185185185184
0 0.3031666666666667 0.7797037037037039 0.17144270833333336 0.4405833333333334
0 0.4742864583333334 0.8063240740740742 0.1634114583333334 0.3873425925925926
0 0.6634114583333334 0.8121111111111112 0.23828125 0.37576851851851856
0 0.22222395833333333 0.37037037037037035 0.05381770833333335 0.24691666666666673
0 0.3394114583333333 0.5027037037037037 0.26475520833333327 0.2847222222222222
0 0.8974635416666668 0.7808611111111112 0.20507291666666655 0.43826851851851856
0 0.7271041666666667 0.44984259259259257 0.13129166666666664 0.23456481481481486
0 0.800671875 0.4444444444444444 0.09353124999999997 0.2330277777777778
0 0.902125 0.44984259259259257 0.09982812500000003 0.22067592592592597
0 0.9622395833333334 0.4444444444444444 0.07552083333333333 0.20987962962962964
0 0.4908854166666667 0.39294444444444443 0.07682291666666667 0.2712222222222223
0 0.3828125 0.35744444444444445 0.06901041666666667 0.18171296296296297
0 0.9537760416666666 0.6678240740740741 0.09244791666666667 0.1149722222222223