0 0.0875 0.7263888888888889 0.175 0.3712962962962963
0 0.3001302083333333 0.756175925925926 0.16015625 0.388888888888889
0 0.46907812500000007 0.7793240740740741 0.1608072916666667 0.3379629629629631
0 0.6597239583333334 0.7702592592592593 0.23480729166666664 0.2897407407407408
0 0.898765625 0.720675925925926 0.2024687499999999 0.3225277777777777
0 0.9547552083333334 0.6572129629629629 0.09048958333333322 0.09606481481481481
0 0.23133854166666667 0.3715277777777778 0.08116145833333335 0.2515462962962964
0 0.3374583333333333 0.5011574074074074 0.25433854166666664 0.27932407407407417
0 0.3834635416666667 0.3555185185185185 0.07552083333333333 0.19868518518518521
0 0.49446875 0.3958333333333333 0.07747395833333333 0.26775000000000004
0 0.7222239583333334 0.451 0.13064062499999995 0.22993518518518521
0 0.8015416666666667 0.44193518518518515 0.1004791666666667 0.23263888888888884
0 0.9028854166666667 0.44675925925925924 0.10004166666666663 0.2214537037037037
0 0.9638697916666668 0.44714814814814824 0.07226041666666655 0.2083333333333334