0 0.06434375 0.5628888888888889 0.1286875 0.5208333333333334
0 0.12282812500000001 0.6786296296296297 0.21050520833333333 0.5856481481481483
0 0.4014739583333334 0.7293611111111111 0.19488020833333336 0.5412777777777777
0 0.5744375 0.7131574074074074 0.1983489583333333 0.5736851851851851
0 0.73665625 0.731675925925926 0.19075520833333334 0.5366481481481481
0 0.9083333333333333 0.7268518518518519 0.18333333333333332 0.5462962962962963
0 0.4370677083333333 0.39506481481481487 0.35720312500000007 0.36111111111111116
0 0.14681249999999998 0.1496944444444444 0.103515625 0.2986111111111111
0 0.232421875 0.15875925925925927 0.08072916666666667 0.31751851851851853
0 0.4055989583333333 0.1975277777777778 0.14322916666666666 0.26002777777777775
0 0.5168177083333333 0.1674351851851852 0.0987395833333333 0.3294722222222222
0 0.7081145833333333 0.21933333333333332 0.1141510416666667 0.3476111111111112
0 0.7886302083333334 0.22029629629629627 0.11110937499999997 0.33796296296296297
0 0.8649114583333334 0.25539814814814815 0.12044270833333333 0.30632407407407414
0 0.9266510416666667 0.2663981481481481 0.10980729166666663 0.2843333333333334