0 0.13519791666666667 0.7461388888888889 0.2261302083333333 0.5077129629629631
0 0.33984375 0.7565555555555556 0.22135416666666666 0.4868796296296298
0 0.5204010416666667 0.7287777777777779 0.189234375 0.5424351851851853
0 0.673609375 0.7322500000000001 0.16753645833333336 0.5354907407407409
0 0.8604583333333333 0.7166296296296296 0.2235260416666667 0.5667407407407407
0 0.9544270833333334 0.6525833333333333 0.09114583333333333 0.3645833333333333
0 0.9236979166666667 0.3449074074074074 0.15260416666666668 0.25277777777777777
0 0.08962500000000001 0.23187037037037034 0.099828125 0.3148148148148148
0 0.17534895833333333 0.20389814814814816 0.09157812500000002 0.36766666666666664
0 0.345703125 0.21798148148148144 0.09895833333333333 0.38425925925925924
0 0.4539947916666666 0.20177777777777775 0.10720312499999997 0.37962962962962965
0 0.7310104166666667 0.2037037037037037 0.1221770833333333 0.33256481481481487
0 0.8034947916666667 0.17090740740740742 0.1082916666666667 0.20678703703703702