0 0.13338020833333333 0.7276111111111112 0.22345833333333337 0.5447685185185186
0 0.328234375 0.7368796296296297 0.19940104166666664 0.5262407407407407
0 0.510796875 0.7040925925925926 0.1635833333333333 0.5918148148148149
0 0.6765208333333333 0.6825833333333334 0.177484375 0.5345277777777777
0 0.8531979166666667 0.6898333333333333 0.2133020833333333 0.620324074074074
0 0.954265625 0.6134629629629629 0.09146874999999995 0.4077129629629629
0 0.08780729166666665 0.21003703703703708 0.09863020833333332 0.2965185185185185
0 0.17333854166666668 0.1936388888888889 0.08366145833333333 0.3178981481481481
0 0.34106770833333333 0.18983333333333335 0.09676041666666665 0.3217037037037037
0 0.4463802083333333 0.16393518518518518 0.10531250000000002 0.31267592592592586
0 0.7291770833333333 0.16774074074074075 0.11600520833333335 0.3031666666666667
0 0.8152447916666666 0.17344444444444443 0.12455729166666671 0.29746296296296293
0 0.932453125 0.1857962962962963 0.11039062499999991 0.2594537037037037