0 0.09027604166666667 0.7727592592592594 0.17795312500000002 0.4544722222222223
0 0.2999114583333334 0.7623425925925927 0.17014062500000005 0.4012314814814815
0 0.47178645833333327 0.7847222222222222 0.16493229166666665 0.33025000000000004
0 0.66221875 0.8132685185185187 0.24370833333333336 0.37345370370370373
0 0.8979166666666667 0.7763888888888889 0.20416666666666666 0.44722222222222224
0 0.34125520833333334 0.5005833333333334 0.26714583333333336 0.28048148148148155
0 0.23220312499999998 0.3722962962962963 0.08159895833333332 0.2530833333333334
0 0.3129322916666667 0.3607222222222222 0.0711822916666667 0.2623425925925926
0 0.3821614583333333 0.3460648148148148 0.07421875 0.21913888888888886
0 0.4880625 0.3962222222222223 0.07378645833333337 0.27777777777777785
0 0.7942708333333334 0.43016666666666664 0.10807291666666667 0.27160185185185187
0 0.9029947916666666 0.44328703703703703 0.10416666666666667 0.2422870370370371
0 0.9604166666666667 0.44305555555555554 0.07916666666666666 0.22870370370370371