0 0.027604166666666666 0.7037037037037037 0.05520833333333333 0.37777777777777777
0 0.09140625 0.7444444444444445 0.1828125 0.5092592592592593
0 0.35525 0.7756574074074074 0.18576562500000005 0.44868518518518513
0 0.5243072916666667 0.7530833333333333 0.1879322916666667 0.4938240740740742
0 0.6786041666666667 0.762925925925926 0.1553802083333333 0.4741481481481481
0 0.85959375 0.7513518518518519 0.20746354166666664 0.49729629629629624
0 0.9494791666666667 0.7199074074074074 0.10104166666666667 0.3638888888888889
0 0.384984375 0.4685555555555555 0.34157812500000007 0.4108796296296296
0 0.09168749999999999 0.2654351851851852 0.09613541666666665 0.3194444444444444
0 0.17447916666666666 0.250962962962963 0.078125 0.36226851851851855
0 0.2764739583333334 0.3128888888888889 0.06076562500000001 0.2523148148148148
0 0.3637135416666667 0.2555925925925926 0.1024322916666667 0.3761574074074074
0 0.4869791666666667 0.3063240740740741 0.109375 0.2623425925925926
0 0.6430104166666666 0.299 0.11284895833333337 0.3402777777777778
0 0.7199427083333333 0.30362962962962964 0.11957291666666663 0.30324074074074076
0 0.8023020833333334 0.2978425925925926 0.12673437499999995 0.3287037037037037
0 0.8567708333333334 0.30400925925925926 0.11328125 0.3178981481481482
0 0.9286041666666667 0.32966666666666666 0.09548437499999997 0.2604166666666667