0 0.08828125 0.7337962962962963 0.1765625 0.3768518518518518
0 0.3012135416666667 0.7569444444444444 0.17014062500000005 0.40663888888888894
0 0.46722916666666664 0.7789351851851852 0.16102604166666665 0.33950925925925934
0 0.6612395833333333 0.7702592592592593 0.2313385416666667 0.2920555555555556
0 0.79915625 0.43673148148148155 0.107421875 0.23379629629629634
0 0.9029947916666666 0.451 0.10546875 0.2391944444444445
0 0.962890625 0.44984259259259257 0.07421875 0.20447222222222225
0 0.4917552083333333 0.4025833333333333 0.0694427083333333 0.26041666666666663
0 0.33843229166666666 0.49845370370370373 0.26149999999999995 0.28317592592592583
0 0.21582291666666667 0.3653518518518518 0.050130208333333336 0.24845370370370373
0 0.3211822916666666 0.35224074074074074 0.05642187499999996 0.24074074074074073
0 0.3823802083333333 0.3460648148148148 0.07204687499999997 0.19599074074074072