0 0.0875 0.7342592592592593 0.175 0.37407407407407406
0 0.3005625 0.7581018518518519 0.1688385416666667 0.40200925925925934
0 0.47048437499999995 0.7806759259259259 0.1675364583333333 0.3337222222222223
0 0.6596145833333333 0.779324074074074 0.23459375000000005 0.3055555555555556
0 0.8959427083333333 0.7249259259259259 0.20073958333333336 0.32175925925925924
0 0.22949479166666667 0.37442592592592594 0.07356770833333333 0.24807407407407414
0 0.3404947916666667 0.5053981481481482 0.265625 0.28086111111111106
0 0.7242864583333334 0.451 0.13216145833333334 0.23687962962962966
0 0.7975260416666666 0.44405555555555554 0.09765625 0.22299074074074077
0 0.9014739583333333 0.4347962962962963 0.09722395833333337 0.1766944444444445
0 0.961265625 0.5252685185185185 0.07746874999999989 0.16087962962962962
0 0.384765625 0.36053703703703704 0.07421875 0.19251851851851848
0 0.492296875 0.3983425925925926 0.07443750000000003 0.2635
0 0.953125 0.6653148148148148 0.09375 0.1076388888888889