0 0.038411458333333336 0.6564444444444445 0.07682291666666667 0.5297037037037037
0 0.11686458333333333 0.6651203703703704 0.208984375 0.572527777777778
0 0.4113489583333333 0.726462962962963 0.23285416666666664 0.5424351851851853
0 0.5848541666666667 0.7154722222222223 0.22699479166666664 0.5690555555555555
0 0.7405625 0.7282037037037037 0.216796875 0.5435925925925925
0 0.9075520833333334 0.7282037037037037 0.18489583333333334 0.5435925925925925
0 0.429796875 0.36303703703703705 0.35698958333333336 0.43826851851851856
0 0.13834895833333333 0.1483425925925926 0.10221354166666667 0.2966851851851852
0 0.22504166666666667 0.15895370370370365 0.07899479166666665 0.3125
0 0.4280625 0.18826851851851853 0.08268229166666667 0.2924351851851852
0 0.507921875 0.16396296296296298 0.09917708333333337 0.31789814814814815
0 0.701390625 0.2121944444444444 0.1124114583333333 0.34953703703703703
0 0.7840729166666667 0.22376851851851848 0.11892187499999997 0.34953703703703703
0 0.8600260416666666 0.21933333333333332 0.12239583333333333 0.3476111111111112
0 0.9215520833333334 0.2465277777777778 0.103515625 0.3163611111111112
0 0.9708333333333333 0.28055555555555556 0.058333333333333334 0.2574074074074074