0 0.3480885416666667 0.7357222222222223 0.20529687500000005 0.5285462962962965
0 0.5299479166666666 0.7148888888888889 0.18359375 0.5702129629629631
0 0.685546875 0.7229907407407408 0.17317708333333334 0.5540092592592594
0 0.875328125 0.7148888888888889 0.21940104166666666 0.5702129629629631
0 0.9622395833333334 0.6525833333333333 0.07552083333333333 0.3506944444444444
0 0.3972447916666667 0.3713333333333333 0.35308333333333336 0.42708333333333326
0 0.11121874999999999 0.1736111111111111 0.10004166666666665 0.3163611111111112
0 0.19889583333333333 0.16550925925925927 0.08528645833333333 0.33101851851851855
0 0.4780833333333333 0.1724537037037037 0.1015625 0.3279351851851853
0 0.6768645833333333 0.2008148148148148 0.1180572916666667 0.3545555555555556
0 0.7534739583333334 0.19039814814814815 0.12282812499999997 0.3337222222222223
0 0.8394114583333334 0.2148888888888889 0.12543229166666664 0.3063240740740741
0 0.951171875 0.24305555555555555 0.09765625 0.27006481481481487