0 0.08941145833333333 0.7727592592592594 0.17881770833333333 0.4544722222222223
0 0.3001302083333333 0.7559814814814815 0.17057291666666666 0.3954444444444444
0 0.46571354166666673 0.7826018518518519 0.161890625 0.337574074074074
0 0.662109375 0.8109537037037039 0.23697916666666666 0.3780833333333334
0 0.8984375 0.7808981481481482 0.203125 0.4382037037037037
0 0.9544270833333334 0.6651944444444444 0.09114583333333333 0.11419444444444438
0 0.3394114583333333 0.5001944444444445 0.26084895833333327 0.2797037037037036
0 0.232421875 0.3684444444444445 0.08333333333333333 0.25000000000000006
0 0.3136927083333333 0.35339814814814824 0.07009374999999997 0.24768518518518523
0 0.3832447916666667 0.34914814814814815 0.0711822916666667 0.20215740740740745
0 0.488390625 0.3913981481481481 0.07183333333333337 0.27507407407407414
0 0.7957916666666667 0.43171296296296297 0.1045989583333333 0.2608055555555556
0 0.9034270833333333 0.4448333333333334 0.10373437500000003 0.24074074074074078
0 0.9609375 0.45023148148148145 0.078125 0.22376851851851853