0 0.11120833333333333 0.7306481481481482 0.20768229166666666 0.5387037037037037
0 0.32330729166666666 0.7424351851851853 0.2224114583333333 0.5151296296296296
0 0.505953125 0.7149351851851851 0.2135729166666667 0.5701203703703703
0 0.6697916666666667 0.7203703703703703 0.19895833333333332 0.5592592592592592
0 0.840796875 0.712324074074074 0.22781250000000006 0.575351851851852
0 0.9470364583333333 0.6686018518518518 0.1059270833333334 0.40936111111111106
0 0.07303125 0.18133333333333332 0.10188020833333335 0.2989537037037037
0 0.15944270833333332 0.17762037037037035 0.08321874999999998 0.32557407407407407
0 0.3268697916666667 0.19944444444444445 0.09696875000000003 0.3377962962962963
0 0.4400364583333333 0.1837314814814815 0.10236979166666664 0.34826851851851853
0 0.6544739583333333 0.2199537037037037 0.08346354166666667 0.2740740740740741
0 0.7179322916666667 0.19355555555555556 0.11169791666666669 0.3024444444444444
0 0.8022552083333333 0.21100925925925926 0.13158333333333327 0.295462962962963
0 0.9214375 0.23872222222222222 0.11218750000000005 0.2592314814814815