0 0.04296875 0.6192129629629629 0.0859375 0.4483055555555556
0 0.12347916666666667 0.6724537037037037 0.20790104166666667 0.5871944444444445
0 0.40332291666666664 0.7282037037037037 0.19596354166666666 0.5435925925925925
0 0.5770416666666667 0.7114166666666667 0.20485937499999995 0.5771574074074075
0 0.7434895833333334 0.7310925925925926 0.19401041666666666 0.5378055555555556
0 0.9114583333333334 0.7282037037037037 0.17708333333333334 0.5435925925925925
0 0.4401041666666667 0.38039814814814815 0.359375 0.36882407407407414
0 0.14739583333333334 0.1486111111111111 0.09895833333333333 0.2972222222222222
0 0.23610937499999998 0.15393518518518517 0.08029687499999998 0.30787037037037035
0 0.4303385416666667 0.1662777777777778 0.10286458333333333 0.3294722222222222
0 0.5182291666666666 0.17515740740740737 0.09895833333333333 0.32407407407407407
0 0.7177760416666668 0.21971296296296292 0.09830729166666667 0.3460648148148148
0 0.7881927083333333 0.22473148148148148 0.1141510416666667 0.33294444444444443
0 0.870984375 0.2523148148148148 0.12478124999999997 0.3024722222222223
0 0.926109375 0.2673611111111111 0.107421875 0.2862685185185186
0 0.9755208333333333 0.2884259259259259 0.04895833333333333 0.2361111111111111