0 0.08880208333333334 0.7356481481481482 0.17760416666666667 0.38425925925925924
0 0.300671875 0.7550185185185185 0.17816666666666664 0.40509259259259267
0 0.46766666666666673 0.7824074074074074 0.1684010416666667 0.33950925925925934
0 0.6625416666666666 0.7716018518518519 0.2430572916666667 0.29937962962962955
0 0.8509114583333334 0.7052499999999999 0.11197916666666667 0.3055555555555556
0 0.7507604166666667 0.4787777777777778 0.0770416666666667 0.18363888888888888
0 0.8005625 0.4340277777777778 0.0946197916666667 0.2422870370370371
0 0.9036458333333334 0.4525462962962963 0.10546875 0.22839814814814816
0 0.9654947916666666 0.4469537037037037 0.06901041666666667 0.21951851851851856
0 0.341796875 0.5027037037037037 0.2578125 0.2847222222222222
0 0.230578125 0.3734537037037037 0.06792708333333332 0.2530833333333334
0 0.3832447916666667 0.3479907407407407 0.0672760416666667 0.20678703703703707
0 0.4908854166666667 0.39544444444444443 0.07942708333333333 0.2600277777777778