0 0.052843749999999995 0.6911666666666667 0.10178124999999999 0.4926666666666666
0 0.13454687499999998 0.7087129629629628 0.2065989583333333 0.5578703703703702
0 0.40234375 0.7553981481481482 0.19921875 0.4891944444444446
0 0.5775833333333333 0.7391944444444445 0.1825104166666667 0.521601851851852
0 0.7408854166666666 0.7559814814814815 0.17838541666666666 0.488037037037037
0 0.90646875 0.7513518518518519 0.17360937499999995 0.49729629629629624
0 0.4424895833333334 0.4461851851851852 0.35113020833333325 0.35687037037037045
0 0.15212499999999998 0.20582407407407405 0.10373437499999998 0.2881944444444444
0 0.23958333333333334 0.20678703703703705 0.08333333333333333 0.32484259259259257
0 0.4286041666666666 0.22685185185185186 0.1006927083333333 0.3371944444444445
0 0.521703125 0.24575925925925926 0.09939062500000002 0.2824074074074074
0 0.7105052083333334 0.27546296296296297 0.11110937499999997 0.34182407407407417
0 0.7881927083333333 0.2847222222222222 0.11154687500000003 0.3001574074074075
0 0.865015625 0.2974537037037037 0.11154687500000003 0.29784259259259266
0 0.9286041666666667 0.3140462962962963 0.10199479166666663 0.2847222222222222