0 0.08567708333333333 0.7407407407407407 0.17135416666666667 0.387037037037037
0 0.2994791666666667 0.7588703703703705 0.1640625 0.3989166666666667
0 0.46896875000000005 0.7793240740740741 0.1684010416666667 0.3379629629629631
0 0.6628697916666667 0.7685185185185185 0.23980208333333336 0.2885833333333334
0 0.8968125 0.7241481481481482 0.2063749999999999 0.32947222222222217
0 0.222546875 0.3701759259259259 0.06097916666666669 0.2581018518518518
0 0.3402760416666667 0.5038611111111111 0.25868229166666673 0.28703703703703703
0 0.724828125 0.4413611111111112 0.1319427083333333 0.2523148148148149
0 0.8033854166666666 0.4347962962962963 0.09895833333333333 0.2438240740740741
0 0.9029947916666666 0.4452129629629629 0.10286458333333333 0.23687962962962966
0 0.9638697916666668 0.4417407407407407 0.07226041666666655 0.2114166666666667
0 0.494140625 0.4050925925925926 0.06901041666666667 0.24923148148148155
0 0.382921875 0.35706481481481483 0.07183333333333337 0.18788888888888886
0 0.9533854166666667 0.6638888888888889 0.09322916666666667 0.10740740740740741