0 0.1171875 0.6824814814814815 0.21875 0.6072500000000002
0 0.39865625 0.7247314814814815 0.22048437499999995 0.5505370370370369
0 0.5751979166666668 0.7085277777777778 0.216796875 0.5829444444444444
0 0.7252604166666666 0.7235740740740741 0.18229166666666666 0.5528518518518518
0 0.9055989583333334 0.7201018518518519 0.18880208333333334 0.5597962962962962
0 0.4402135416666667 0.34317592592592594 0.35829166666666673 0.4286296296296297
0 0.15277604166666667 0.14294444444444443 0.10243229166666665 0.28587962962962965
0 0.24316666666666667 0.14757407407407408 0.08658854166666667 0.2951388888888889
0 0.5258229166666666 0.15991666666666668 0.09982812499999998 0.31983333333333336
0 0.7222239583333334 0.1936759259259259 0.11501562499999997 0.36342592592592593
0 0.8034947916666667 0.19136111111111107 0.1121979166666667 0.3449074074074074
0 0.8851979166666666 0.21392592592592588 0.12326562500000003 0.3414351851851852
0 0.9416666666666667 0.24259259259259258 0.11666666666666667 0.3055555555555556