0 0.0275625 0.6871111111111111 0.055119791666666675 0.510027777777778
0 0.12185416666666667 0.7168240740740741 0.22417708333333333 0.550925925925926
0 0.314671875 0.7253055555555556 0.22048437499999995 0.5308611111111112
0 0.49609375 0.6911666666666667 0.19097395833333336 0.5852592592592591
0 0.6534270833333333 0.7033148148148148 0.16363020833333336 0.5933611111111112
0 0.839625 0.6871111111111111 0.22613020833333336 0.6257685185185187
0 0.946875 0.6125 0.10625 0.3972222222222222
0 0.08279166666666667 0.18962037037037033 0.097875 0.3229166666666667
0 0.16514583333333333 0.1712962962962963 0.08680729166666665 0.3425925925925926
0 0.33301041666666664 0.1909722222222222 0.09830729166666667 0.34182407407407417
0 0.439453125 0.1724537037037037 0.10677083333333333 0.3449074074074074
0 0.7247395833333333 0.16620370370370371 0.11302083333333333 0.33240740740740743
0 0.8051197916666666 0.16550925925925927 0.13238020833333336 0.33101851851851855
0 0.8644739583333333 0.17862962962962958 0.13259374999999995 0.28935185185185186
0 0.9327239583333333 0.1973425925925926 0.10373437500000003 0.2550185185185186