0 0.09440104166666667 0.6458333333333334 0.18880208333333334 0.6219166666666668
0 0.39984895833333334 0.30035185185185187 0.36089583333333336 0.43788888888888894
0 0.37684375 0.7015833333333333 0.21853124999999995 0.5968333333333332
0 0.54915625 0.6830648148148148 0.21419270833333334 0.6338703703703703
0 0.7021510416666668 0.6998425925925926 0.185546875 0.6003055555555556
0 0.8977864583333334 0.6963703703703704 0.20442708333333334 0.6072500000000002
0 0.9641927083333334 0.6284722222222222 0.07161458333333333 0.34645370370370376
0 0.10178124999999999 0.12866666666666668 0.099390625 0.25733333333333336
0 0.19162500000000002 0.13137037037037036 0.08636979166666668 0.26273148148148145
0 0.4800364583333333 0.14024074074074075 0.10329687499999997 0.2804814814814815
0 0.6727447916666667 0.16724999999999998 0.1163177083333333 0.33449074074074076
0 0.754234375 0.16975 0.12434895833333333 0.3155833333333333
0 0.834203125 0.18537962962962964 0.12282812499999997 0.30748148148148147
0 0.89453125 0.20409259259259255 0.11328125 0.2962962962962963
0 0.9583333333333334 0.22800925925925927 0.08333333333333333 0.2584907407407408