0 0.030489583333333334 0.6577962962962962 0.05967708333333333 0.29398148148148145
0 0.09505208333333333 0.7426666666666667 0.19010416666666666 0.5146574074074075
0 0.377171875 0.7750740740740742 0.21527604166666664 0.4498425925925926
0 0.5465520833333334 0.751925925925926 0.20725000000000005 0.496138888888889
0 0.70703125 0.7594537037037037 0.19010416666666666 0.4810925925925925
0 0.8719635416666667 0.7488148148148148 0.21527604166666664 0.5023703703703704
0 0.9537760416666666 0.716 0.09244791666666667 0.3626574074074075
0 0.39170833333333327 0.46025925925925926 0.33854166666666663 0.4058611111111112
0 0.09895833333333333 0.26775 0.10546875 0.30092592592592593
0 0.18316145833333333 0.24460185185185188 0.08376562500000002 0.35648148148148145
0 0.2838541666666667 0.2530833333333333 0.05859375 0.3364166666666667
0 0.3697916666666667 0.2515462962962963 0.10286458333333333 0.375
0 0.6533229166666668 0.2962962962962963 0.11393229166666667 0.3487685185185186
0 0.73459375 0.2881944444444444 0.12673437499999995 0.3233055555555556
0 0.8098958333333334 0.2966851851851852 0.12369791666666667 0.33564814814814814
0 0.8569895833333334 0.22569444444444445 0.09027604166666663 0.17052777777777775