0 0.08941145833333333 0.7287777777777779 0.17621354166666667 0.3711388888888888
0 0.29915625 0.7569444444444444 0.169921875 0.3996944444444445
0 0.47243749999999995 0.7772037037037037 0.166234375 0.3360370370370371
0 0.6592864583333333 0.7685185185185185 0.23784895833333336 0.29784259259259266
0 0.8984375 0.7490370370370371 0.203125 0.37692592592592583
0 0.8581822916666667 0.519287037037037 0.2098541666666667 0.22993518518518516
0 0.76953125 0.39467592592592593 0.049479166666666664 0.15663888888888886
0 0.9606145833333334 0.44289814814814815 0.07877083333333322 0.20447222222222225
0 0.4930572916666666 0.39775925925925926 0.0733489583333333 0.2530833333333334
0 0.339734375 0.5013518518518519 0.26410416666666664 0.2866481481481481
0 0.23133854166666667 0.3728796296296296 0.07725520833333335 0.2565555555555556
0 0.3811875 0.35185185185185186 0.07096354166666667 0.1983055555555555
0 0.9546875 0.6652777777777777 0.090625 0.11388888888888889