0 0.0875 0.7347222222222223 0.175 0.375
0 0.3018645833333334 0.7565555555555556 0.16623437500000005 0.3989166666666667
0 0.46690625 0.7885833333333334 0.15386458333333336 0.3333333333333334
0 0.662328125 0.7704444444444445 0.2335052083333333 0.3016944444444444
0 0.8990885416666666 0.71875 0.20182291666666666 0.3233055555555556
0 0.9544270833333334 0.6593333333333333 0.09114583333333333 0.11650925925925919
0 0.22959895833333333 0.36650925925925926 0.07118229166666665 0.24845370370370373
0 0.3363697916666667 0.5034722222222222 0.26389062500000005 0.2862685185185186
0 0.38422395833333334 0.3566759259259259 0.07443750000000003 0.19174074074074077
0 0.493921875 0.39775925925925926 0.07639062500000003 0.2808611111111112
0 0.7265625 0.44637037037037036 0.13020833333333334 0.22993518518518521
0 0.80284375 0.44289814814814815 0.10178125000000003 0.23225000000000004