0 0.3606770833333333 0.726462962962963 0.21354166666666666 0.547064814814815
0 0.5436197916666666 0.7010000000000001 0.20182291666666666 0.5979907407407409
0 0.6953125 0.7108425925925926 0.171875 0.5783148148148147
0 0.8888020833333333 0.7013888888888888 0.22239583333333332 0.5972222222222222
0 0.40657812500000007 0.3487685185185186 0.35742187500000006 0.4398148148148149
0 0.4027760416666667 0.19136111111111107 0.31336979166666656 0.3148148148148148
0 0.1155625 0.1574074074074074 0.10481770833333333 0.3148148148148148
0 0.203125 0.15925925925925927 0.08958333333333333 0.31851851851851853
0 0.68515625 0.17407407407407408 0.1171875 0.34814814814814815
0 0.7644322916666667 0.1774722222222222 0.11740625000000003 0.32407407407407407
0 0.8472239583333334 0.19020370370370365 0.13064062499999995 0.30787037037037035