0 0.1385625 0.7021574074074074 0.22373958333333335 0.5678981481481483
0 0.3390833333333333 0.7164351851851852 0.22113541666666664 0.5455277777777778
0 0.5230052083333334 0.6828703703703703 0.208765625 0.5987685185185185
0 0.669703125 0.6774722222222223 0.17014062500000005 0.5694444444444445
0 0.8667552083333334 0.6847962962962963 0.23480729166666664 0.6303981481481483
0 0.9576822916666666 0.5974166666666667 0.08463541666666667 0.3699814814814814
0 0.10243229166666665 0.1664722222222222 0.10026041666666666 0.29976851851851855
0 0.18697916666666667 0.15925925925925927 0.0875 0.31851851851851853
0 0.35598958333333336 0.1625 0.09635416666666667 0.325
0 0.46278125 0.15856481481481483 0.10394791666666663 0.31712962962962965
0 0.7418645833333334 0.15451851851851853 0.119140625 0.30825925925925934
0 0.830078125 0.17052777777777775 0.12890625 0.2847222222222222
0 0.946875 0.19027777777777777 0.10625 0.25092592592592594