0 0.11176041666666667 0.7129629629629629 0.22092187500000002 0.5571018518518519
0 0.308703125 0.7270462962962964 0.2176666666666667 0.5459074074074073
0 0.48491666666666666 0.6944444444444444 0.1864166666666667 0.5895092592592593
0 0.6410572916666666 0.6855740740740741 0.16753645833333336 0.5532407407407408
0 0.8296458333333334 0.6917407407407408 0.22439062499999995 0.6165092592592594
0 0.9416666666666667 0.6194444444444445 0.11666666666666667 0.40370370370370373
0 0.07129166666666667 0.17882407407407408 0.099609375 0.31288888888888894
0 0.15711979166666667 0.1684074074074074 0.09027604166666668 0.3368055555555556
0 0.3180364583333333 0.17573148148148146 0.10611979166666667 0.3514629629629629
0 0.4296875 0.1645462962962963 0.10546875 0.3290925925925926
0 0.709203125 0.16762962962962963 0.12152604166666663 0.33525925925925926
0 0.7959010416666668 0.17553703703703705 0.13216145833333334 0.30400925925925926
0 0.9170989583333333 0.19656481481481478 0.11545312500000003 0.25578703703703703