0 0.13172916666666665 0.6950277777777778 0.21397395833333333 0.5744629629629628
0 0.4166666666666667 0.7438240740740741 0.22395833333333334 0.5123425925925927
0 0.5923385416666667 0.726462962962963 0.2198333333333333 0.547064814814815
0 0.7565104166666666 0.7407407407407407 0.2046875 0.5185185185185185
0 0.90625 0.7380740740740741 0.1875 0.5238518518518518
0 0.4504114583333333 0.3780833333333333 0.35655208333333327 0.42437962962962966
0 0.1685104166666667 0.1601111111111111 0.10264583333333335 0.3202129629629629
0 0.2569427083333333 0.16550925925925927 0.08290104166666665 0.33101851851851855
0 0.5377604166666666 0.18171296296296297 0.09505208333333333 0.34645370370370376
0 0.73275 0.23187037037037034 0.111328125 0.34953703703703703
0 0.8132604166666667 0.2503888888888889 0.10698958333333337 0.31712962962962965
0 0.8943125 0.24845370370370368 0.11675520833333337 0.3364166666666667
0 0.9466145833333334 0.2831759259259259 0.10677083333333333 0.29937962962962966