0 0.03266145833333333 0.7177870370370371 0.06141666666666667 0.38849999999999996
0 0.0953125 0.7490740740740741 0.190625 0.5
0 0.3626302083333333 0.7831759259259261 0.18098958333333334 0.4336388888888889
0 0.529296875 0.7617685185185186 0.171875 0.4764629629629629
0 0.6904322916666668 0.7698703703703704 0.16861979166666666 0.4602592592592592
0 0.8643645833333333 0.7617685185185186 0.20529687500000005 0.4764629629629629
0 0.9572916666666667 0.7379629629629629 0.08541666666666667 0.37222222222222223
0 0.39398958333333334 0.5073333333333333 0.34266666666666673 0.35648148148148145
0 0.09895833333333333 0.28626851851851853 0.09244791666666667 0.28935185185185186
0 0.18424479166666666 0.2827962962962963 0.08333333333333333 0.3148148148148148
0 0.271703125 0.286462962962963 0.08636979166666665 0.2920555555555556
0 0.3739166666666666 0.29127777777777775 0.10199479166666663 0.32715740740740745
0 0.6512604166666667 0.3148148148148148 0.11371354166666663 0.318675925925926
0 0.7292760416666667 0.3233055555555556 0.10959375000000003 0.3078703703703704
0 0.810546875 0.3333333333333333 0.125 0.29089814814814824
0 0.8705520833333333 0.3397037037037037 0.11350000000000003 0.27816666666666673
0 0.9328333333333333 0.3524351851851852 0.0870208333333333 0.25270370370370376