0 0.12174479166666667 0.720675925925926 0.22005208333333334 0.558638888888889
0 0.32215625 0.7299351851851852 0.21853124999999995 0.5401203703703705
0 0.5049895833333333 0.6946388888888889 0.1987864583333333 0.5783148148148147
0 0.6712239583333334 0.7029351851851853 0.20052083333333334 0.5810185185185186
0 0.845703125 0.6940555555555556 0.234375 0.6118796296296297
0 0.9473958333333333 0.5944444444444444 0.10520833333333333 0.3333333333333333
0 0.08029687499999999 0.1834537037037037 0.09678645833333333 0.29437037037037045
0 0.16504166666666667 0.1774722222222222 0.087890625 0.32175925925925924
0 0.332359375 0.17900925925925928 0.099609375 0.3479907407407407
0 0.4398854166666667 0.16898148148148148 0.10503645833333337 0.3279351851851853
0 0.7152760416666666 0.16146296296296295 0.12717187500000005 0.3229166666666667
0 0.8051197916666666 0.1651203703703704 0.13238020833333336 0.32484259259259257
0 0.9273020833333334 0.19405555555555556 0.1124114583333333 0.27623148148148147