0 0.3433177083333333 0.7334074074074074 0.21267187499999995 0.5331759259259261
0 0.5222447916666667 0.7091018518518519 0.20334375000000005 0.5817870370370372
0 0.6755625 0.7195185185185186 0.17144270833333336 0.5609537037037039
0 0.867078125 0.7108425925925926 0.2159270833333333 0.5783148148148147
0 0.9598958333333333 0.6263888888888889 0.08020833333333334 0.3101851851851852
0 0.3891041666666667 0.36303703703703705 0.35373437499999993 0.4336388888888889
0 0.1015625 0.1610740740740741 0.09895833333333333 0.3221481481481482
0 0.19064583333333335 0.16068518518518518 0.08832291666666668 0.32137037037037036
0 0.3715260416666667 0.18287037037037038 0.08420312500000003 0.3371944444444445
0 0.4713541666666667 0.1660925925925926 0.10416666666666667 0.33217592592592593
0 0.6694895833333334 0.18981481481481483 0.1124114583333333 0.36034259259259266
0 0.7489166666666667 0.18055555555555555 0.11761979166666663 0.34182407407407417
0 0.8345260416666667 0.19599074074074072 0.13129166666666664 0.33564814814814814
0 0.9473958333333333 0.24027777777777778 0.10520833333333333 0.2657407407407407