0 0.08821875 0.7384259259259259 0.17513020833333334 0.3904351851851853
0 0.2980677083333333 0.7565555555555556 0.1651458333333333 0.3989166666666667
0 0.46853124999999995 0.7853055555555555 0.1636302083333333 0.3337222222222222
0 0.6589635416666667 0.7768148148148148 0.23850000000000005 0.3074814814814814
0 0.896484375 0.7253055555555556 0.20703125 0.3364166666666666
0 0.9541041666666668 0.6539351851851852 0.09179166666666655 0.12423148148148155
0 0.23274999999999998 0.37423148148148155 0.08268229166666667 0.2546296296296297
0 0.3375677083333333 0.5003888888888889 0.2610677083333333 0.28935185185185186
0 0.8663177083333333 0.5275833333333333 0.20139062500000005 0.24112037037037046
0 0.7822291666666668 0.38580555555555557 0.076171875 0.13425925925925927
0 0.4934895833333333 0.39275000000000004 0.0703125 0.2430555555555556
0 0.3824895833333333 0.3516574074074074 0.07096354166666667 0.18171296296296297
0 0.9622395833333334 0.4548611111111111 0.07552083333333333 0.2029351851851852