0 0.126734375 0.705824074074074 0.21701562500000002 0.5543981481481481
0 0.3294270833333333 0.7276203703703704 0.21614583333333334 0.5447500000000002
0 0.5046666666666667 0.6992685185185186 0.19553125000000005 0.6014629629629629
0 0.6577708333333334 0.7079444444444445 0.17751562499999995 0.584101851851852
0 0.84396875 0.6957962962962964 0.2217864583333333 0.6084074074074073
0 0.9479166666666666 0.6394722222222222 0.10416666666666667 0.40316666666666673
0 0.08843229166666666 0.17322222222222222 0.10134375 0.30863888888888885
0 0.17426041666666667 0.16762962962962963 0.08680729166666665 0.33525925925925926
0 0.3409270833333334 0.1822962962962963 0.09722395833333337 0.3383518518518519
0 0.44824479166666664 0.1662777777777778 0.10221354166666667 0.33178703703703705
0 0.7223333333333334 0.17187962962962963 0.12825520833333334 0.34375
0 0.8095729166666668 0.17168518518518514 0.13346354166666666 0.3333333333333333
0 0.93153125 0.2121944444444444 0.11176041666666663 0.27546296296296297