0 0.034895833333333334 0.6662037037037037 0.06979166666666667 0.5361111111111111
0 0.13693750000000002 0.6902037037037038 0.2191822916666667 0.5671296296296298
0 0.3365885416666667 0.6996574074074075 0.22005208333333334 0.5327962962962961
0 0.5209427083333333 0.6631944444444444 0.20464583333333336 0.568675925925926
0 0.6848958333333334 0.648537037037037 0.20572916666666666 0.5208333333333334
0 0.8663177083333333 0.6836388888888889 0.2313385416666667 0.6327129629629631
0 0.9572916666666667 0.6138888888888889 0.08541666666666667 0.4148148148148148
0 0.10340624999999999 0.1574074074074074 0.10264583333333333 0.3148148148148148
0 0.18776041666666668 0.15462962962962962 0.0859375 0.30925925925925923
0 0.3519947916666667 0.1610740740740741 0.09982812500000003 0.3221481481481482
0 0.4633229166666667 0.15181481481481482 0.1063385416666667 0.30362962962962964
0 0.7418645833333334 0.15683333333333332 0.11783854166666667 0.3059444444444445
0 0.8287760416666666 0.16821296296296293 0.13151041666666666 0.31712962962962965
0 0.9230677083333333 0.21180555555555555 0.0713958333333333 0.20524999999999996
0 0.9537760416666666 0.17998148148148146 0.09244791666666667 0.25964814814814824