0 0.10416666666666667 0.6697500000000001 0.20833333333333334 0.6003055555555556
0 0.384875 0.7224166666666667 0.19162500000000005 0.5551666666666666
0 0.5593541666666667 0.700425925925926 0.19943750000000005 0.5991481481481481
0 0.7252604166666666 0.7148888888888889 0.19661458333333334 0.5702129629629631
0 0.9016927083333334 0.7114166666666667 0.19661458333333334 0.5771574074074075
0 0.7887395833333334 0.3333333333333333 0.236328125 0.2608055555555556
0 0.4186197916666667 0.3381574074074074 0.3580729166666667 0.43479629629629635
0 0.3776041666666667 0.15625 0.12760416666666666 0.23997222222222228
0 0.12131249999999999 0.1462222222222222 0.09418229166666665 0.28935185185185186
0 0.21006770833333333 0.14814814814814814 0.08159895833333332 0.2962962962962963
0 0.495984375 0.15779629629629627 0.10134374999999997 0.3125
0 0.6886927083333333 0.15799074074074074 0.10915624999999997 0.287425925925926
0 0.7465260416666666 0.11497222222222224 0.0711822916666667 0.18981481481481483
0 0.9096145833333333 0.23572222222222222 0.11480208333333337 0.28780555555555554
0 0.9643229166666667 0.25092592592592594 0.07135416666666666 0.26666666666666666