0 0.0375 0.624537037037037 0.075 0.4638888888888889
0 0.11610416666666666 0.6701388888888888 0.21136979166666667 0.5964537037037038
0 0.40483854166666666 0.7270462962962964 0.21071874999999995 0.5459074074074073
0 0.5753020833333333 0.7114166666666667 0.2118072916666667 0.5771574074074075
0 0.7252604166666666 0.7276203703703704 0.18880208333333334 0.5447500000000002
0 0.9044270833333333 0.7245370370370371 0.19114583333333332 0.5509259259259259
0 0.4290364583333333 0.38812037037037045 0.359375 0.34259259259259267
0 0.13769791666666667 0.14814814814814814 0.10221354166666667 0.293212962962963
0 0.2231979166666667 0.1527777777777778 0.07790625000000002 0.3055555555555556
0 0.41796875 0.16944444444444445 0.1046875 0.3388888888888889
0 0.5059895833333333 0.1685185185185185 0.1015625 0.337037037037037
0 0.6996510416666666 0.21604629629629632 0.11675520833333337 0.3549351851851852
0 0.7808177083333334 0.21836111111111112 0.10980729166666663 0.3410462962962963
0 0.8619791666666666 0.23746296296296293 0.12369791666666667 0.3352592592592593
0 0.9175364583333334 0.2492314814814815 0.1124114583333333 0.3194444444444444