0 0.05165104166666667 0.6944444444444444 0.10329687500000001 0.4922870370370371
0 0.13389583333333333 0.7195185185185186 0.20008854166666665 0.5609537037037039
0 0.4088541666666667 0.7559814814814815 0.18359375 0.488037037037037
0 0.5930989583333334 0.7357222222222223 0.21614583333333334 0.5285462962962965
0 0.7504322916666666 0.757712962962963 0.19878645833333336 0.48456481481481495
0 0.9049479166666666 0.7496111111111111 0.19010416666666666 0.5007685185185187
0 0.1528854166666667 0.2096851851851852 0.10004166666666668 0.2889629629629629
0 0.23741145833333333 0.19155555555555556 0.07769270833333332 0.3545555555555556
0 0.4407552083333333 0.41280555555555554 0.3515625 0.4151203703703704
0 0.427953125 0.21025925925925928 0.09808854166666663 0.3757685185185185
0 0.5160572916666666 0.21855555555555553 0.09982812499999998 0.3576388888888889
0 0.7058385416666667 0.26871296296296293 0.11089583333333337 0.3329444444444445
0 0.8765208333333334 0.30169444444444443 0.09808854166666663 0.29475
0 0.9229583333333333 0.3159722222222222 0.11284895833333337 0.27700925925925934
0 0.9720052083333334 0.3290925925925926 0.055989583333333336 0.23842592592592593