0 0.046875 0.6012777777777778 0.09375 0.4147407407407408
0 0.10703125 0.15694444444444444 0.10364583333333334 0.3138888888888889
0 0.19401041666666666 0.15432407407407406 0.08463541666666667 0.30863888888888885
0 0.3958333333333333 0.3514629629629629 0.35546875 0.4405833333333334
0 0.3543854166666666 0.7299351851851852 0.22829687499999995 0.5401203703703705
0 0.53884375 0.7015833333333333 0.21441145833333336 0.5968333333333332
0 0.7113697916666666 0.7114166666666667 0.2157135416666667 0.5771574074074075
0 0.8799895833333333 0.7014074074074074 0.21831770833333336 0.5971851851851853
0 0.965171875 0.6391203703703704 0.06965624999999989 0.39159259259259266
0 0.4744791666666667 0.15231481481481482 0.10416666666666667 0.30462962962962964
0 0.6744791666666666 0.16358333333333333 0.11328125 0.3271574074074074
0 0.7547760416666667 0.1664722222222222 0.10980729166666663 0.3090277777777778
0 0.8407135416666667 0.1819074074074074 0.12282812499999997 0.29359259259259257
0 0.943359375 0.25019444444444444 0.11328125 0.31442592592592594