0 0.14963020833333335 0.6714907407407408 0.2250416666666667 0.5736851851851851
0 0.3539479166666667 0.6847962962962963 0.22092187500000005 0.5563240740740742
0 0.5377604166666666 0.6466018518518519 0.21354166666666666 0.5864166666666668
0 0.7042083333333333 0.6466018518518519 0.21310937500000005 0.5540092592592594
0 0.8828125 0.674962962962963 0.234375 0.650074074074074
0 0.7690989583333334 0.27044444444444443 0.27386979166666664 0.31326851851851856
0 0.95703125 0.16724999999999998 0.0859375 0.2920555555555556
0 0.74609375 0.08055555555555556 0.1046875 0.16111111111111112
0 0.48489583333333336 0.14305555555555555 0.09791666666666667 0.2861111111111111
0 0.3723958333333333 0.14757407407407408 0.10677083333333333 0.2951388888888889
0 0.20485937499999998 0.13947222222222222 0.08941145833333332 0.2789351851851852
0 0.12022395833333334 0.14410185185185184 0.107640625 0.2881944444444444