0 0.08713020833333333 0.7303240740740741 0.17295833333333333 0.3696018518518519
0 0.3001302083333333 0.756175925925926 0.16796875 0.4027777777777779
0 0.4700520833333333 0.7800925925925926 0.17317708333333334 0.33950925925925934
0 0.6609166666666667 0.7638888888888888 0.23589583333333336 0.2885833333333334
0 0.8974635416666668 0.7224166666666667 0.20507291666666655 0.3283148148148147
0 0.34082291666666664 0.501925925925926 0.2623697916666667 0.2878055555555555
0 0.23090104166666667 0.37423148148148155 0.08029687499999998 0.2546296296296297
0 0.3148854166666667 0.3441388888888889 0.07639062500000003 0.2175925925925926
0 0.382921875 0.34914814814814815 0.0731354166666667 0.195212962962963
0 0.4905625 0.3956388888888889 0.07486979166666667 0.26736111111111105
0 0.7935104166666667 0.4330648148148148 0.10394791666666663 0.24498148148148152
0 0.8991979166666667 0.45062037037037045 0.0965729166666667 0.21759259259259264
0 0.9619166666666668 0.4488796296296296 0.07616666666666655 0.21643518518518512
0 0.9563802083333334 0.6637777777777778 0.08723958333333333 0.09992592592592599