0 0.39681250000000007 0.38812037037037045 0.35481770833333337 0.36111111111111116
0 0.3528645833333333 0.7299351851851852 0.21354166666666666 0.5401203703703705
0 0.5305989583333334 0.706787037037037 0.20963541666666666 0.5864166666666668
0 0.6882604166666667 0.7201018518518519 0.17600000000000005 0.5597962962962962
0 0.877171875 0.7096851851851852 0.21918229166666664 0.5806296296296296
0 0.96484375 0.6390833333333333 0.0703125 0.33062962962962955
0 0.11176041666666667 0.15895370370370368 0.10503645833333335 0.31789814814814815
0 0.19869791666666667 0.15462962962962962 0.08385416666666666 0.30925925925925923
0 0.3882395833333333 0.1684074074074074 0.07074479166666663 0.31288888888888894
0 0.48025 0.16203703703703703 0.10373437500000003 0.32407407407407407
0 0.6790364583333334 0.18557407407407403 0.11328125 0.3680555555555556
0 0.75965625 0.18267592592592588 0.1182708333333333 0.3460648148148148
0 0.84190625 0.20640740740740737 0.12652083333333336 0.30787037037037035
0 0.9513020833333333 0.24027777777777778 0.09739583333333333 0.2638888888888889