0 0.048828125 0.6969537037037037 0.09765625 0.49961111111111106
0 0.127171875 0.7172037037037038 0.20485937499999998 0.5655833333333334
0 0.4054895833333333 0.7559814814814815 0.19899999999999995 0.488037037037037
0 0.5809479166666667 0.7391944444444445 0.19704687499999995 0.521601851851852
0 0.7380625 0.7542407407407408 0.1766510416666667 0.4915092592592594
0 0.9044270833333333 0.7476851851851852 0.19114583333333332 0.5046296296296297
0 0.4370677083333333 0.4537037037037037 0.35329687500000007 0.35339814814814824
0 0.14529166666666665 0.21064814814814814 0.10438541666666665 0.3047870370370371
0 0.23220312499999998 0.1946388888888889 0.08159895833333332 0.3722962962962963
0 0.423609375 0.2087222222222222 0.10113020833333337 0.37962962962962965
0 0.5308177083333334 0.2283981481481481 0.09939062500000002 0.3125
0 0.7042083333333333 0.27391666666666664 0.1102447916666667 0.34799074074074077
0 0.781359375 0.27391666666666664 0.10959375000000003 0.33410185185185187
0 0.8624114583333333 0.30112037037037037 0.12456770833333337 0.2982222222222223
0 0.9150416666666668 0.2515462962962963 0.103515625 0.16898148148148148