0 0.09027604166666667 0.7349537037037037 0.17534895833333333 0.3834907407407408
0 0.3012135416666667 0.7557870370370371 0.17014062500000005 0.3973796296296297
0 0.46788020833333327 0.7868425925925926 0.162328125 0.33217592592592593
0 0.6637395833333334 0.766787037037037 0.240234375 0.2920555555555556
0 0.8981145833333334 0.7210648148148148 0.2037708333333332 0.3371944444444445
0 0.9528020833333334 0.6566388888888889 0.09439583333333322 0.125
0 0.23046875 0.36689814814814814 0.07682291666666667 0.2422870370370371
0 0.337671875 0.5027037037037037 0.26258854166666673 0.28703703703703703
0 0.3821614583333333 0.3595648148148148 0.06901041666666667 0.18595370370370373
0 0.4913177083333334 0.3962222222222223 0.06857812500000003 0.26388888888888895
0 0.7241770833333334 0.4483055555555556 0.13324479166666664 0.23379629629629634
0 0.8012135416666666 0.4457962962962963 0.09982812500000003 0.21720370370370373
0 0.9048385416666667 0.4525462962962963 0.10004166666666663 0.2191388888888889
0 0.9622395833333334 0.44637037037037036 0.07552083333333333 0.20215740740740745