0 0.3387604166666666 0.7386203703703704 0.21657812499999995 0.5227592592592591
0 0.5227864583333334 0.7137314814814815 0.20182291666666666 0.572527777777778
0 0.6808802083333333 0.7224166666666667 0.19509374999999995 0.5551666666666666
0 0.8648020833333334 0.7137314814814815 0.22308854166666664 0.572527777777778
0 0.95703125 0.6622314814814815 0.0859375 0.37229629629629624
0 0.3824895833333334 0.41107407407407404 0.35221354166666674 0.3468333333333334
0 0.09548437500000001 0.16493518518518518 0.10243229166666667 0.3298611111111111
0 0.18478645833333335 0.1660925925925926 0.08962500000000002 0.33217592592592593
0 0.35384375 0.19136111111111107 0.103515625 0.33564814814814814
0 0.6627604166666666 0.18904629629629627 0.11458333333333333 0.3541666666666667
0 0.7451197916666668 0.18673148148148144 0.11393229166666667 0.3402777777777778
0 0.8288854166666667 0.2135462962962963 0.13042708333333336 0.30825925925925934
0 0.9442708333333333 0.23796296296296296 0.11145833333333334 0.2722222222222222