0 0.10833333333333334 0.6837962962962963 0.21666666666666667 0.5953703703703703
0 0.3942083333333333 0.7299351851851852 0.22721354166666666 0.5401203703703705
0 0.5737864583333334 0.7069814814814814 0.22308854166666664 0.5798611111111112
0 0.7306875 0.7241481481481482 0.20095312499999995 0.5516944444444446
0 0.4284947916666667 0.34818518518518515 0.35698958333333336 0.42245370370370366
0 0.14019270833333333 0.14814814814814814 0.10199479166666668 0.2962962962962963
0 0.22949479166666667 0.1527777777777778 0.08658854166666667 0.3055555555555556
0 0.5123697916666666 0.15895370370370368 0.1015625 0.31789814814814815
0 0.7100677083333333 0.18904629629629627 0.1102447916666667 0.35185185185185186
0 0.788953125 0.1838333333333333 0.11696874999999997 0.36226851851851855
0 0.87109375 0.20949074074074073 0.12369791666666667 0.3279351851851853
0 0.9307708333333333 0.24035185185185184 0.10764062500000003 0.31095370370370373