0 0.40625 0.3589907407407407 0.3567708333333333 0.4301666666666667
0 0.3605677083333333 0.7339907407407408 0.21462499999999995 0.5320185185185184
0 0.5437291666666667 0.7091018518518519 0.20855208333333336 0.5817870370370372
0 0.6963958333333333 0.7189444444444445 0.18185937500000005 0.562111111111111
0 0.8853072916666667 0.7114166666666667 0.22113541666666664 0.5771574074074075
0 0.11946875 0.16068518518518518 0.10481770833333333 0.32137037037037036
0 0.20703125 0.16030555555555556 0.08854166666666667 0.32060185185185186
0 0.48741145833333327 0.16262037037037036 0.10633854166666665 0.32523148148148145
0 0.6859791666666666 0.19289814814814815 0.1141510416666667 0.37113888888888885
0 0.765734375 0.18287037037037038 0.11870833333333337 0.3371944444444445
0 0.8490677083333333 0.21007407407407408 0.12912500000000005 0.31057407407407417
0 0.9559895833333333 0.23472222222222222 0.08802083333333334 0.27314814814814814