0 0.08441666666666667 0.7376574074074074 0.16623437500000002 0.37962962962962965
0 0.3038177083333334 0.760027777777778 0.17534895833333336 0.39660185185185187
0 0.46983333333333327 0.7831759259259261 0.16102604166666665 0.34104629629629635
0 0.6598333333333334 0.7719907407407407 0.228515625 0.3047870370370371
0 0.898765625 0.7673611111111112 0.2024687499999999 0.4112685185185186
0 0.3404947916666667 0.5052129629629629 0.2604166666666667 0.2712222222222223
0 0.23253125 0.3726851851851852 0.07183333333333332 0.24460185185185193
0 0.3836822916666666 0.35532407407407407 0.07074479166666663 0.19136111111111107
0 0.4926197916666667 0.3966018518518518 0.06988020833333337 0.26465740740740745
0 0.7254791666666667 0.4504259259259259 0.13064062499999995 0.23572222222222225
0 0.8012135416666666 0.44289814814814815 0.09722395833333337 0.23687962962962966
0 0.9035364583333333 0.44907407407407407 0.10004166666666663 0.21682407407407409
0 0.9615885416666666 0.44675925925925924 0.07682291666666667 0.20756481481481484
0 0.953453125 0.6593333333333333 0.09309374999999989 0.1026203703703703