0 0.041666666666666664 0.6500740740740741 0.08333333333333333 0.5007685185185187
0 0.10926562499999999 0.6813240740740741 0.21202083333333333 0.6003055555555556
0 0.398765625 0.7282037037037037 0.21028645833333334 0.5435925925925925
0 0.568359375 0.7108425925925926 0.20442708333333334 0.5783148148148147
0 0.720921875 0.7276574074074074 0.18793229166666664 0.5446851851851852
0 0.9044270833333333 0.7217592592592592 0.19114583333333332 0.5564814814814815
0 0.4249114583333334 0.3908148148148148 0.36154687499999993 0.3665092592592593
0 0.1296875 0.15092592592592594 0.096875 0.30185185185185187
0 0.21951041666666665 0.1527777777777778 0.08224999999999998 0.3055555555555556
0 0.4119791666666667 0.16712962962962963 0.103125 0.33425925925925926
0 0.502171875 0.1674351851851852 0.10590104166666668 0.33178703703703705
0 0.6966145833333334 0.2121944444444444 0.11197916666666667 0.35648148148148145
0 0.7758229166666666 0.20987962962962958 0.10894270833333337 0.33796296296296297
0 0.8545989583333333 0.24112962962962964 0.11675520833333337 0.2986111111111111
0 0.911890625 0.23881481481481484 0.1141510416666667 0.320212962962963
0 0.9669270833333333 0.275 0.06614583333333333 0.2537037037037037