0 0.10807291666666667 0.7224166666666667 0.21614583333333334 0.5551666666666666
0 0.31271875 0.7351481481481482 0.22699479166666664 0.5297037037037037
0 0.4933802083333333 0.7073703703703704 0.19509374999999995 0.5852592592592591
0 0.654515625 0.7137314814814815 0.18532812499999995 0.572527777777778
0 0.8374583333333334 0.700425925925926 0.23090104166666664 0.5991481481481481
0 0.9434895833333333 0.6513888888888889 0.11302083333333333 0.41203703703703703
0 0.06748958333333334 0.17476851851851852 0.10503645833333335 0.3163611111111112
0 0.14876562499999998 0.1653148148148148 0.083984375 0.3306296296296296
0 0.31933854166666664 0.17592592592592593 0.09830729166666667 0.3279351851851853
0 0.4296875 0.17225925925925922 0.10286458333333333 0.3414351851851852
0 0.7993697916666667 0.18846296296296292 0.12347916666666663 0.29976851851851855
0 0.6258697916666667 0.14506481481481479 0.0850677083333333 0.28935185185185186
0 0.9150416666666668 0.21007407407407408 0.115234375 0.2550185185185186
0 0.96875 0.24035185185185184 0.0625 0.2438240740740741