0 0.047526041666666664 0.7179814814814816 0.09505208333333333 0.49305555555555564
0 0.123046875 0.7276203703703704 0.20182291666666666 0.5447500000000002
0 0.4032135416666666 0.7675555555555555 0.2022552083333333 0.4648888888888888
0 0.5744375 0.7496111111111111 0.19704687499999995 0.5007685185185187
0 0.7242864583333334 0.762925925925926 0.169921875 0.4741481481481481
0 0.9005208333333333 0.7546296296296297 0.19895833333333332 0.49074074074074076
0 0.4269739583333333 0.45525000000000004 0.35134374999999995 0.3819444444444445
0 0.13639583333333333 0.23418518518518514 0.099609375 0.30787037037037035
0 0.22417708333333333 0.21643518518518517 0.08116145833333335 0.3649722222222223
0 0.4114583333333333 0.23283333333333334 0.09895833333333333 0.3769259259259259
0 0.693578125 0.29109259259259257 0.1124114583333333 0.349925925925926
0 0.7725677083333333 0.29205555555555557 0.11154687500000003 0.33564814814814814
0 0.8524322916666667 0.3221481481481482 0.12543229166666664 0.28935185185185186
0 0.9086354166666666 0.3267777777777778 0.1180572916666667 0.28935185185185186
0 0.9638020833333333 0.3402777777777778 0.07239583333333334 0.2564814814814815