0 0.16373958333333333 0.5131203703703703 0.3157552083333333 0.5138888888888888
0 0.3487395833333334 0.737462962962963 0.22092187500000005 0.525074074074074
0 0.531140625 0.7154722222222223 0.21071874999999995 0.5690555555555555
0 0.6908645833333333 0.7258888888888889 0.21506250000000005 0.5482222222222222
0 0.8681666666666668 0.7166296296296296 0.23502604166666666 0.5667407407407407
0 0.9563802083333334 0.6689814814814815 0.08723958333333333 0.37423148148148155
0 0.09830729166666667 0.1288611111111111 0.1015625 0.2037037037037037
0 0.18316145833333333 0.14062962962962963 0.08376562500000002 0.25270370370370376
0 0.3545989583333334 0.17900925925925928 0.0907135416666667 0.35648148148148145
0 0.462890625 0.18171296296296297 0.1015625 0.3371944444444445
0 0.7607447916666668 0.2555925925925926 0.07486979166666667 0.21412037037037038
0 0.8272552083333333 0.22067592592592594 0.12326562500000003 0.2993796296296296
0 0.9427083333333334 0.24035185185185184 0.11458333333333333 0.2739166666666667