0 0.0875 0.7310185185185185 0.175 0.3712962962962963
0 0.30219270833333334 0.7546296296296297 0.1707916666666667 0.3996944444444445
0 0.47439062499999995 0.7804814814814814 0.16883854166666665 0.33101851851851855
0 0.6599375 0.766787037037037 0.2352447916666667 0.287425925925926
0 0.9150416666666668 0.7204907407407407 0.16991666666666655 0.3337222222222223
0 0.23285416666666667 0.37113888888888885 0.08290104166666665 0.2530833333333334
0 0.3407135416666666 0.5017407407407407 0.26475520833333327 0.29437037037037045
0 0.384765625 0.35300925925925924 0.07552083333333333 0.1936759259259259
0 0.4926197916666667 0.39332407407407405 0.08029687500000003 0.2719907407407407
0 0.7065989583333334 0.4174351851851852 0.0967864583333333 0.18826851851851856
0 0.9018020833333333 0.4529351851851853 0.1004791666666667 0.22685185185185192
0 0.961265625 0.4425185185185186 0.07746874999999989 0.21527777777777782
0 0.953125 0.6616481481481482 0.09375 0.10724999999999993