0 0.08828125 0.7287037037037037 0.1765625 0.37407407407407406
0 0.3043645833333333 0.7588703703703705 0.17513020833333334 0.3989166666666667
0 0.47265625 0.7808611111111112 0.16927083333333334 0.34104629629629635
0 0.6653645833333334 0.7731481481481481 0.23567708333333334 0.29784259259259266
0 0.8971354166666666 0.716824074074074 0.20572916666666666 0.3287037037037037
0 0.3374583333333333 0.5007685185185186 0.25824479166666664 0.28549074074074066
0 0.23133854166666667 0.37596296296296294 0.08506770833333335 0.26041666666666663
0 0.3125 0.3454907407407407 0.0703125 0.23649999999999996
0 0.38465625 0.34837962962962965 0.0753020833333333 0.20756481481481479
0 0.7962239583333334 0.43325925925925934 0.10807291666666667 0.2523148148148149
0 0.9016927083333334 0.44560185185185186 0.09765625 0.23071296296296298
0 0.9619166666666668 0.4492685185185185 0.07616666666666655 0.2125740740740741
0 0.95390625 0.6754629629629629 0.0921875 0.12685185185185185