0 0.048067708333333334 0.7426666666666667 0.09483333333333334 0.4868796296296298
0 0.126953125 0.7403518518518519 0.19661458333333334 0.5192870370370372
0 0.40853125 0.7762314814814816 0.21158854166666666 0.4475277777777778
0 0.5778020833333334 0.7565925925925926 0.21028645833333334 0.4868148148148148
0 0.7354583333333333 0.7698703703703704 0.18706770833333336 0.4602592592592592
0 0.8934479166666667 0.7600277777777779 0.20095312499999995 0.47993518518518535
0 0.4281666666666667 0.46817592592592594 0.34071354166666656 0.412425925925926
0 0.138671875 0.2638888888888889 0.10286458333333333 0.293212962962963
0 0.22417708333333333 0.2472962962962963 0.07855729166666668 0.3526203703703704
0 0.3253020833333334 0.33661111111111114 0.06988020833333337 0.18171296296296297
0 0.41069791666666666 0.2544351851851852 0.10134374999999997 0.3599537037037037
0 0.53884375 0.299 0.1063385416666667 0.2847222222222222
0 0.691296875 0.3071018518518519 0.11306249999999997 0.337962962962963
0 0.7692083333333334 0.30748148148148147 0.11263020833333333 0.33410185185185187
0 0.8499375 0.3306296296296296 0.12565104166666666 0.3016944444444445
0 0.90646875 0.3360370370370371 0.10980729166666663 0.2939814814814815
0 0.9630208333333333 0.3453703703703704 0.07395833333333333 0.2574074074074074