0 0.4066822916666667 0.3545555555555556 0.35373437499999993 0.4282407407407408
0 0.367078125 0.7310925925925926 0.22634374999999995 0.5378055555555556
0 0.5431875 0.7033148148148148 0.2022552083333333 0.5933611111111112
0 0.6985677083333334 0.7154722222222223 0.17708333333333334 0.5690555555555555
0 0.8888020833333333 0.7037037037037037 0.22239583333333332 0.5907407407407408
0 0.11447395833333333 0.15605555555555556 0.0974375 0.3121111111111111
0 0.20583854166666665 0.15799074074074074 0.08745833333333332 0.3159722222222222
0 0.48610937499999995 0.1641574074074074 0.10113020833333332 0.3283148148148148
0 0.6880416666666667 0.1792037037037037 0.11306249999999997 0.3584074074074074
0 0.7645416666666667 0.17496296296296296 0.11892187499999997 0.3499259259259259
0 0.845921875 0.1963703703703704 0.11892187499999997 0.30863888888888885
0 0.9153645833333334 0.20409259259259255 0.10677083333333333 0.2916666666666667
0 0.9661458333333334 0.22743518518518518 0.06770833333333333 0.25270370370370376