0 0.087890625 0.7334074074074074 0.17578125 0.3803981481481481
0 0.29709375 0.7542407407407409 0.1670989583333333 0.3942870370370371
0 0.4638697916666667 0.7810555555555555 0.1634114583333334 0.34375
0 0.6614583333333334 0.769287037037037 0.23567708333333334 0.3086388888888888
0 0.896484375 0.716824074074074 0.20703125 0.33796296296296297
0 0.9544270833333334 0.6670555555555555 0.09114583333333333 0.14583333333333334
0 0.3375677083333333 0.5015462962962962 0.259765625 0.2777777777777778
0 0.22916666666666666 0.37191666666666673 0.06770833333333333 0.2546296296296297
0 0.3229166666666667 0.3393148148148148 0.044270833333333336 0.22414814814814818
0 0.381078125 0.3452962962962963 0.06683854166666663 0.19675925925925927
0 0.4917552083333333 0.39178703703703704 0.0694427083333333 0.2827962962962964
0 0.8016510416666667 0.4338333333333333 0.08767187499999997 0.24652777777777773
0 0.902453125 0.4504259259259259 0.10308333333333337 0.23340740740740745
0 0.9622395833333334 0.44714814814814824 0.07552083333333333 0.21990740740740747