0 0.0875 0.7319444444444444 0.175 0.3787037037037037
0 0.29438020833333334 0.7553981481481483 0.1551666666666667 0.39660185185185187
0 0.447265625 0.7787407407407407 0.11588541666666667 0.33449074074074076
0 0.33691666666666664 0.5034722222222222 0.2610677083333333 0.28163888888888894
0 0.681421875 0.7663981481481482 0.19878645833333336 0.29590740740740734
0 0.8984375 0.7797037037037039 0.203125 0.4405833333333334
0 0.23220312499999998 0.3726851851851852 0.07899479166666665 0.2515462962962964
0 0.3817291666666666 0.34837962962962965 0.07074479166666663 0.1936759259259259
0 0.4926197916666667 0.3931296296296296 0.07378645833333337 0.26465740740740745
0 0.7262395833333334 0.4485 0.126953125 0.23881481481481487
0 0.8012135416666666 0.4413611111111112 0.0985260416666667 0.23148148148148154
0 0.9034270833333333 0.4448333333333334 0.10503645833333337 0.2291666666666667
0 0.9615885416666666 0.4479166666666667 0.07682291666666667 0.20756481481481484
0 0.9536927083333333 0.6655277777777777 0.09261458333333342 0.1113981481481481