0 0.029515625 0.7287777777777779 0.059026041666666675 0.431324074074074
0 0.09401041666666667 0.7430555555555556 0.18802083333333333 0.5120370370370371
0 0.3661041666666666 0.7750740740740742 0.19704687499999995 0.4498425925925926
0 0.5379791666666667 0.751925925925926 0.19574479166666664 0.496138888888889
0 0.683484375 0.7611851851851852 0.15863541666666664 0.47762037037037053
0 0.8642604166666668 0.7490370370370371 0.21158854166666666 0.5019259259259259
0 0.955078125 0.7141203703703703 0.08984375 0.36034259259259266
0 0.3891041666666667 0.4652777777777778 0.34461979166666656 0.418212962962963
0 0.09505208333333333 0.27141666666666664 0.09244791666666667 0.31057407407407417
0 0.17838541666666666 0.25501851851851853 0.08463541666666667 0.3726851851851852
0 0.2765833333333333 0.3204074074074074 0.05446874999999999 0.21412037037037038
0 0.3687083333333333 0.25462962962962965 0.1045989583333333 0.3765462962962964
0 0.5 0.29012037037037036 0.12109375 0.2824074074074074
0 0.6488697916666666 0.2982222222222222 0.11154687500000003 0.34567592592592594
0 0.7265625 0.2889629629629629 0.1171875 0.3317870370370371
0 0.8094635416666667 0.31269444444444444 0.12933854166666664 0.2982222222222223
0 0.8658854166666666 0.3167407407407407 0.1171875 0.2808611111111112
0 0.9322916666666666 0.3256203703703704 0.09505208333333333 0.2569444444444444