0 0.035807291666666664 0.6556759259259259 0.07161458333333333 0.5281666666666666
0 0.11415104166666666 0.6716851851851853 0.20746354166666667 0.5902777777777779
0 0.3942083333333333 0.7270462962962964 0.19986979166666666 0.5459074074074073
0 0.56640625 0.7114166666666667 0.19921875 0.5771574074074075
0 0.7218958333333333 0.7272407407407409 0.18597916666666664 0.5347222222222223
0 0.908203125 0.7253055555555556 0.18359375 0.5493796296296297
0 0.4288177083333334 0.3773148148148148 0.35633854166666656 0.37423148148148155
0 0.136609375 0.14757407407407408 0.10394791666666668 0.2951388888888889
0 0.22395833333333334 0.14873148148148146 0.07942708333333333 0.2974537037037037
0 0.4245885416666667 0.1645462962962963 0.08615625000000003 0.3290925925925926
0 0.5055364583333334 0.16782407407407407 0.09960937500000006 0.33025000000000004
0 0.6985677083333334 0.2137314814814815 0.11197916666666667 0.3479907407407407
0 0.779296875 0.21739814814814812 0.11197916666666667 0.34375
0 0.855796875 0.2515462962962963 0.12044270833333333 0.2986111111111111
0 0.916125 0.2660092592592593 0.11350000000000003 0.2835648148148148
0 0.9680989583333334 0.29050925925925924 0.06380208333333333 0.256175925925926