0 0.024479166666666666 0.6967592592592593 0.04895833333333333 0.3398148148148148
0 0.08941145833333333 0.7513518518518519 0.17881770833333333 0.49729629629629624
0 0.34971875 0.7820185185185187 0.18511458333333336 0.43595370370370373
0 0.5163854166666667 0.7588703703703704 0.17209375000000005 0.4822500000000001
0 0.6783854166666666 0.7710277777777778 0.17057291666666666 0.4579444444444444
0 0.8506927083333333 0.7548240740740741 0.2079010416666667 0.49035185185185176
0 0.9485677083333334 0.7368796296296297 0.10286458333333333 0.37808333333333327
0 0.3765208333333333 0.4801296296296296 0.33897395833333344 0.4131944444444444
0 0.08539583333333334 0.28125 0.09657291666666667 0.29552777777777783
0 0.16905208333333333 0.2789351851851852 0.08029687499999998 0.30941666666666673
0 0.2588958333333333 0.2899351851851852 0.08550520833333332 0.30131481481481487
0 0.6361770833333333 0.30787037037037035 0.11350000000000003 0.33025000000000004
0 0.7143020833333333 0.3148148148148148 0.1082916666666667 0.29784259259259266
0 0.794703125 0.3263888888888889 0.12456770833333337 0.27006481481481487
0 0.8506927083333333 0.3290925925925926 0.10373437500000003 0.2800925925925926
0 0.9194895833333334 0.3393148148148148 0.09027604166666663 0.2426666666666667
0 0.96640625 0.3476851851851852 0.0671875 0.25092592592592594