0 0.08876041666666666 0.7739166666666668 0.17751562499999998 0.45215740740740745
0 0.2979583333333334 0.760027777777778 0.17144270833333336 0.4058611111111112
0 0.4674479166666667 0.7854907407407409 0.15494791666666666 0.3364166666666667
0 0.6655833333333334 0.8109537037037039 0.2335052083333333 0.3780833333333334
0 0.8986979166666667 0.7754629629629629 0.20260416666666667 0.44722222222222224
0 0.3391927083333333 0.49923148148148144 0.2604166666666667 0.2824074074074074
0 0.23133854166666667 0.3792407407407407 0.08116145833333335 0.2600277777777778
0 0.312828125 0.36766666666666664 0.07096354166666667 0.2692870370370371
0 0.3815104166666667 0.3479907407407407 0.07421875 0.21604629629629635
0 0.48828125 0.3966018518518518 0.07421875 0.2669722222222223
0 0.7941614583333333 0.43673148148148155 0.10394791666666663 0.24537037037037043
0 0.9010416666666666 0.44425 0.09765625 0.2395833333333333
0 0.9604166666666667 0.44074074074074077 0.07916666666666666 0.22037037037037038