0 0.10221354166666667 0.6496944444444445 0.20442708333333334 0.6203703703703705
0 0.3838958333333334 0.706787037037037 0.19878645833333336 0.5864166666666668
0 0.5588125 0.6801666666666667 0.2022552083333333 0.6072500000000002
0 0.7220052083333334 0.706212962962963 0.1953125 0.587574074074074
0 0.904078125 0.7021574074074074 0.18967187500000005 0.5956759259259261
0 0.4169947916666667 0.3047870370370371 0.36002604166666674 0.4421296296296297
0 0.12174479166666667 0.12789814814814815 0.1015625 0.25578703703703703
0 0.20866145833333333 0.13098148148148148 0.083984375 0.26196296296296295
0 0.49522395833333327 0.13985185185185184 0.10113020833333332 0.2797037037037037
0 0.6890208333333334 0.17033333333333334 0.1124114583333333 0.33294444444444443
0 0.769421875 0.17072222222222222 0.11306249999999997 0.3414351851851852
0 0.85384375 0.18673148148148144 0.12565104166666666 0.3402777777777778
0 0.9076614583333333 0.21682407407407403 0.1082916666666667 0.28935185185185186
0 0.9641927083333334 0.23649999999999996 0.07161458333333333 0.27314814814814814