0 0.140515625 0.6950277777777778 0.2224375 0.5605740740740739
0 0.341796875 0.7102592592592593 0.22265625 0.547064814814815
0 0.5258229166666666 0.6699444444444445 0.21180729166666665 0.5798611111111112
0 0.6901041666666666 0.6751574074074074 0.20703125 0.5632685185185187
0 0.8715260416666666 0.6830648148148148 0.23003645833333336 0.6338703703703703
0 0.9602864583333334 0.5908611111111111 0.07942708333333333 0.35687037037037045
0 0.10818229166666667 0.16319444444444445 0.1056875 0.3024722222222223
0 0.19140625 0.15432407407407403 0.0859375 0.30787037037037035
0 0.35492708333333334 0.16126851851851848 0.1043854166666667 0.31712962962962965
0 0.467125 0.15625 0.10221354166666667 0.31173148148148155
0 0.7450104166666667 0.1574074074074074 0.12543229166666664 0.3001574074074075
0 0.833765625 0.15914814814814815 0.1258697916666667 0.2966851851851853
0 0.9479166666666666 0.17573148148148146 0.10416666666666667 0.2789351851851852