0 0.10948437500000001 0.7137314814814815 0.21506250000000002 0.572527777777778
0 0.37521875 0.7455648148148148 0.20095312499999995 0.5088703703703703
0 0.5512135416666666 0.7253055555555556 0.18185937500000005 0.5493796296296297
0 0.7166875 0.7351481481481482 0.17816666666666664 0.5297037037037037
0 0.896484375 0.7270462962962964 0.20703125 0.5459074074074073
0 0.4251302083333333 0.3861851851851852 0.3515625 0.42206481481481484
0 0.13671875 0.18557407407407403 0.10026041666666667 0.2986111111111111
0 0.224609375 0.1809444444444444 0.08333333333333333 0.32175925925925924
0 0.5065104166666666 0.19599074074074072 0.10286458333333333 0.3287037037037037
0 0.703453125 0.2175925925925926 0.11002604166666667 0.33950925925925934
0 0.7866770833333334 0.23187037037037034 0.11371354166666663 0.30787037037037035
0 0.865125 0.24228703703703705 0.1260833333333333 0.2962962962962963
0 0.927515625 0.2523148148148148 0.11675520833333337 0.293212962962963