0 0.344078125 0.7403518518518519 0.22591145833333334 0.5192870370370372
0 0.529078125 0.7148888888888889 0.2105052083333333 0.5702129629629631
0 0.6742604166666666 0.7247314814814815 0.1727447916666667 0.5505370370370369
0 0.8763020833333334 0.7143148148148148 0.24739583333333334 0.5713703703703703
0 0.3821614583333333 0.374037037037037 0.3528645833333333 0.4255370370370371
0 0.09592187499999999 0.17419444444444443 0.10069270833333333 0.3036296296296297
0 0.18131770833333333 0.16435185185185186 0.08268229166666667 0.318675925925926
0 0.4622395833333333 0.1658981481481481 0.10026041666666667 0.3125
0 0.6636302083333334 0.19502777777777777 0.10980729166666663 0.349925925925926
0 0.74240625 0.19000925925925927 0.11110937499999997 0.3306296296296296
0 0.8256302083333333 0.19791666666666666 0.1278229166666667 0.33025000000000004
0 0.9446614583333334 0.22376851851851848 0.11067708333333333 0.21527777777777776