0 0.10308333333333333 0.6180555555555556 0.20616145833333333 0.6450648148148149
0 0.419703125 0.25405555555555553 0.36805729166666656 0.4425185185185186
0 0.11979166666666667 0.11342592592592593 0.10416666666666667 0.22685185185185186
0 0.2095260416666667 0.11226851851851852 0.08702083333333335 0.22453703703703703
0 0.3919270833333333 0.6786296296296297 0.22265625 0.6365740740740742
0 0.5716145833333334 0.6587592592592593 0.22135416666666666 0.6824814814814815
0 0.7261302083333334 0.674962962962963 0.18793229166666664 0.650074074074074
0 0.90703125 0.6712962962962963 0.1859375 0.6574074074074074
0 0.5044270833333333 0.11388888888888889 0.09739583333333333 0.22777777777777777
0 0.6983489583333333 0.14159259259259258 0.11545312500000003 0.2831759259259259
0 0.7768020833333333 0.13657407407407407 0.12261458333333337 0.27314814814814814
0 0.859265625 0.14814814814814814 0.13129166666666664 0.2962962962962963
0 0.9166666666666666 0.1496944444444444 0.1171875 0.28703703703703703