0 0.10210416666666666 0.7235740740740741 0.20290624999999998 0.5528518518518518
0 0.3684895833333333 0.7542407407407408 0.20182291666666666 0.4915092592592594
0 0.5501302083333334 0.7322500000000001 0.203125 0.5354907407407409
0 0.7063802083333334 0.7395648148148148 0.17708333333333334 0.520861111111111
0 0.88828125 0.7296296296296296 0.2234375 0.5388888888888889
0 0.411890625 0.4070185185185185 0.34982812499999993 0.4266944444444445
0 0.12347916666666667 0.20833333333333334 0.099828125 0.3071018518518519
0 0.21006770833333333 0.18479629629629632 0.08550520833333332 0.3618796296296296
0 0.490234375 0.1936759259259259 0.10026041666666667 0.36574074074074076
0 0.6866302083333333 0.2324444444444444 0.11284895833333337 0.34375
0 0.7630208333333334 0.2299351851851852 0.11458333333333333 0.3456759259259259
0 0.8192291666666667 0.20466666666666664 0.07074479166666663 0.2650462962962963
0 0.9635416666666666 0.2779722222222222 0.07291666666666667 0.2588703703703704