0 0.050520833333333334 0.7231481481481481 0.10104166666666667 0.4888888888888889
0 0.13216145833333334 0.7345648148148148 0.19921875 0.5308611111111112
0 0.418078125 0.7710277777777778 0.21896875000000005 0.4579444444444444
0 0.5891927083333334 0.7536666666666667 0.21223958333333334 0.4926666666666666
0 0.7465260416666666 0.7669722222222224 0.19748437500000005 0.46604629629629635
0 0.904296875 0.7588703703703704 0.19140625 0.4822500000000001
0 0.4409739583333333 0.45428703703703704 0.34548437500000007 0.4077962962962964
0 0.15060937500000002 0.24768518518518517 0.10199479166666668 0.29089814814814824
0 0.23459375000000002 0.22627777777777777 0.07725520833333335 0.35687037037037045
0 0.3402760416666667 0.32272222222222224 0.06076562500000004 0.1701388888888889
0 0.4255625 0.23958333333333334 0.09331770833333337 0.3765462962962964
0 0.6056875 0.38387037037037036 0.15798437499999995 0.3503055555555556
0 0.7036666666666667 0.30439814814814814 0.11176041666666663 0.33950925925925934
0 0.7781041666666667 0.30112037037037037 0.1121979166666667 0.326
0 0.8621979166666667 0.3107685185185185 0.12282812499999997 0.32677777777777783
0 0.9205729166666666 0.3175185185185186 0.10677083333333333 0.3148148148148149
0 0.970703125 0.3593796296296296 0.05859375 0.24807407407407414