0 0.11436458333333334 0.6909722222222222 0.21571354166666667 0.6010833333333334
0 0.3880208333333333 0.7293611111111111 0.2109375 0.5412777777777777
0 0.5677083333333334 0.7125740740740741 0.21354166666666666 0.5748425925925927
0 0.7184270833333334 0.726462962962963 0.177734375 0.547064814814815
0 0.8990885416666666 0.7201018518518519 0.20182291666666666 0.5597962962962962
0 0.4322916666666667 0.35436111111111107 0.35546875 0.42785185185185187
0 0.14301041666666667 0.1510462962962963 0.10113020833333332 0.3020833333333333
0 0.23470312499999998 0.15605555555555556 0.087890625 0.3121111111111111
0 0.5145416666666667 0.1684074074074074 0.10329687500000002 0.3368055555555556
0 0.712671875 0.20717592592592593 0.1141510416666667 0.3672870370370371
0 0.7900416666666668 0.20505555555555557 0.12174479166666667 0.3468333333333333
0 0.8729375 0.2337962962962963 0.1260833333333333 0.30941666666666673
0 0.9331614583333334 0.2455648148148148 0.11501562499999997 0.3074814814814815