0 0.10015104166666666 0.7131574074074074 0.19899999999999998 0.5736851851851851
0 0.3644739583333333 0.7409351851851852 0.2159270833333333 0.5181296296296296
0 0.5481770833333334 0.7177870370370371 0.19661458333333334 0.5644259259259259
0 0.6966145833333334 0.726462962962963 0.17578125 0.547064814814815
0 0.9088541666666666 0.794175925925926 0.18229166666666666 0.4116481481481481
0 0.4069010416666667 0.38078703703703703 0.3541666666666667 0.4274722222222223
0 0.11772916666666666 0.18673148148148144 0.10264583333333333 0.3125
0 0.20485937499999998 0.17457407407407408 0.08550520833333332 0.34914814814814815
0 0.48545833333333327 0.17882407407407408 0.10894270833333332 0.3314074074074075
0 0.683703125 0.20062037037037034 0.1161041666666667 0.3541666666666667
0 0.7593333333333334 0.19791666666666666 0.1124114583333333 0.3348796296296297
0 0.8481979166666667 0.22183333333333335 0.12738541666666664 0.30863888888888885