0 0.08919270833333333 0.7303240740740741 0.17578125 0.38812037037037045
0 0.2992604166666667 0.7569444444444444 0.17144270833333336 0.39506481481481487
0 0.47157291666666673 0.78125 0.1684010416666667 0.3371944444444445
0 0.6606979166666667 0.7681296296296297 0.23285416666666664 0.2878055555555555
0 0.8984375 0.7785462962962963 0.203125 0.4429074074074073
0 0.3411458333333333 0.5011574074074074 0.2643229166666667 0.28395370370370376
0 0.2310104166666667 0.3734537037037037 0.08181250000000002 0.2553981481481482
0 0.3844427083333333 0.3445185185185185 0.07096354166666667 0.21604629629629635
0 0.49240625 0.39775925925925926 0.0772552083333333 0.2623425925925926
0 0.759546875 0.4753055555555556 0.06076562500000004 0.1720648148148148
0 0.802734375 0.4303611111111111 0.08984375 0.23263888888888884
0 0.9018020833333333 0.44560185185185186 0.09917708333333337 0.22376851851851853
0 0.9641927083333334 0.4477222222222222 0.07161458333333333 0.20717592592592587