0 0.12131249999999999 0.7106481481481481 0.21918229166666667 0.5663611111111112
0 0.326390625 0.726462962962963 0.22048437499999995 0.547064814814815
0 0.5070520833333333 0.6925185185185185 0.20681249999999995 0.576388888888889
0 0.673609375 0.6921296296296297 0.2039947916666667 0.5478425925925927
0 0.8489583333333334 0.695212962962963 0.23567708333333334 0.609564814814815
0 0.9479166666666666 0.6404351851851852 0.10416666666666667 0.41203703703703703
0 0.08344270833333334 0.17437962962962963 0.10047916666666667 0.30863888888888885
0 0.16861979166666666 0.1684074074074074 0.08463541666666667 0.3175185185185186
0 0.3350677083333334 0.1838333333333333 0.09722395833333337 0.32523148148148145
0 0.443578125 0.16724999999999998 0.10329687499999997 0.32909259259259266
0 0.720921875 0.17187962962962963 0.11761979166666663 0.3383518518518519
0 0.8071822916666667 0.17437962962962963 0.12738541666666664 0.3271574074074074
0 0.9253489583333334 0.20197222222222222 0.10980729166666663 0.27816666666666673