0 0.3515625 0.7339907407407408 0.19661458333333334 0.5320185185185184
0 0.5476354166666667 0.7102592592592593 0.21506250000000005 0.5794722222222224
0 0.6948802083333334 0.720675925925926 0.18142187499999995 0.558638888888889
0 0.881078125 0.7102592592592593 0.22048437499999995 0.5794722222222224
0 0.9661458333333334 0.6342592592592593 0.06770833333333333 0.3233055555555556
0 0.4019114583333333 0.355712962962963 0.35459895833333344 0.425925925925926
0 0.11610416666666666 0.16087962962962962 0.103296875 0.3047870370370371
0 0.20208333333333334 0.15787037037037038 0.084375 0.31574074074074077
0 0.4828125 0.16157407407407406 0.10520833333333333 0.32314814814814813
0 0.6812083333333334 0.1886574074074074 0.11371354166666663 0.35339814814814824
0 0.7609583333333333 0.17804629629629626 0.11566666666666663 0.33449074074074076
0 0.84559375 0.21141666666666667 0.12738541666666664 0.3109537037037037
0 0.9524739583333334 0.24305555555555555 0.09505208333333333 0.2538611111111112