0 0.13346354166666666 0.71875 0.21484375 0.5501574074074075
0 0.332359375 0.7334074074074074 0.21549479166666666 0.5331759259259261
0 0.5108489583333333 0.706787037037037 0.189671875 0.5864166666666668
0 0.6646041666666667 0.7114166666666667 0.1729583333333333 0.5771574074074075
0 0.8504791666666667 0.6992685185185186 0.2217864583333333 0.6014629629629629
0 0.9520833333333333 0.6287037037037037 0.09583333333333334 0.37962962962962965
0 0.09635416666666667 0.18826851851851853 0.09895833333333333 0.30863888888888885
0 0.17890625 0.16944444444444445 0.08489583333333334 0.3388888888888889
0 0.3464635416666667 0.19675925925925927 0.09787500000000003 0.3287037037037037
0 0.4538854166666667 0.17553703703703705 0.10178125000000003 0.33873148148148147
0 0.728296875 0.1774722222222222 0.12326562500000003 0.3449074074074074
0 0.8177083333333334 0.17862962962962958 0.12630208333333334 0.3333333333333333
0 0.9381510416666666 0.21662962962962964 0.109375 0.25887037037037036