0 0.10442708333333334 0.7060185185185185 0.20885416666666667 0.5861111111111111
0 0.372828125 0.737462962962963 0.21441145833333336 0.525074074074074
0 0.5580520833333333 0.7137314814814815 0.1981354166666667 0.572527777777778
0 0.7001979166666668 0.7229907407407408 0.17252604166666666 0.5540092592592594
0 0.8932291666666666 0.7137314814814815 0.21354166666666666 0.572527777777778
0 0.4166666666666667 0.3728796296296296 0.3567708333333333 0.4324814814814815
0 0.12771354166666668 0.1724537037037037 0.10438541666666667 0.33025000000000004
0 0.21614583333333334 0.17033333333333334 0.09244791666666667 0.3406666666666667
0 0.4970729166666667 0.1695648148148148 0.10742187500000006 0.33912037037037035
0 0.6755625 0.1556759259259259 0.0789947916666667 0.2712222222222223
0 0.7957916666666667 0.2465277777777778 0.0772552083333333 0.23765740740740748
0 0.85546875 0.20505555555555557 0.12369791666666667 0.3375740740740741
0 0.91634375 0.2121944444444444 0.11653645833333333 0.3263888888888889