0 0.09136458333333333 0.7727592592592594 0.18272395833333333 0.4544722222222223
0 0.299046875 0.7785462962962965 0.1631927083333333 0.4428981481481482
0 0.47689062500000007 0.8057500000000001 0.1555989583333334 0.38849999999999996
0 0.6664479166666666 0.8144259259259261 0.2391510416666667 0.3711388888888889
0 0.898765625 0.7802870370370371 0.2024687499999999 0.43942592592592583
0 0.9576822916666666 0.6612685185185185 0.08463541666666667 0.1111111111111111
0 0.22634374999999998 0.3697962962962963 0.06727604166666665 0.25270370370370376
0 0.33778125 0.5090648148148148 0.26019791666666664 0.28587962962962965
0 0.3824895833333333 0.3580277777777778 0.07096354166666667 0.19907407407407407
0 0.4926197916666667 0.39795370370370364 0.07378645833333337 0.25347222222222215
0 0.7269947916666666 0.4450277777777778 0.1336822916666667 0.2318703703703704
0 0.7979583333333333 0.44232407407407404 0.10113020833333337 0.2403518518518519
0 0.9036458333333334 0.45062037037037045 0.10416666666666667 0.23611111111111116
0 0.9615885416666666 0.44984259259259257 0.07682291666666667 0.2253055555555556