0 0.08876041666666666 0.7390092592592593 0.17751562499999998 0.38464814814814824
0 0.2994791666666667 0.7577129629629631 0.16796875 0.4012314814814815
0 0.47092187500000005 0.7768148148148148 0.16709895833333335 0.3398888888888888
0 0.662 0.7719907407407407 0.24066666666666664 0.29552777777777783
0 0.9557291666666666 0.6666666666666666 0.08854166666666667 0.12191666666666673
0 0.7944895833333334 0.43441666666666673 0.10199479166666663 0.2430555555555556
0 0.9048385416666667 0.4483055555555556 0.10524999999999997 0.2245370370370371
0 0.9622395833333334 0.44232407407407404 0.07552083333333333 0.21951851851851856
0 0.3400625 0.5007685185185186 0.26215104166666664 0.28549074074074066
0 0.23329166666666667 0.3697962962962963 0.08506770833333335 0.24344444444444452
0 0.3136927083333333 0.34837962962962965 0.07269791666666663 0.23997222222222228
0 0.3821614583333333 0.3506944444444444 0.08072916666666667 0.2121944444444444
0 0.4914270833333333 0.39775925925925926 0.0792083333333333 0.2600277777777778
0 0.8977864583333334 0.7791296296296296 0.20442708333333334 0.44174074074074066