0 0.10113020833333333 0.6188240740740741 0.20225520833333333 0.6558611111111112
0 0.4156927083333334 0.2586851851851852 0.37174479166666674 0.44714814814814824
0 0.3878020833333334 0.6747685185185185 0.2235260416666667 0.6242314814814816
0 0.56434375 0.6454444444444445 0.21722916666666664 0.6442870370370372
0 0.72265625 0.6790092592592593 0.19401041666666666 0.6419722222222224
0 0.9057291666666667 0.675 0.18854166666666666 0.6481481481481481
0 0.11306250000000001 0.10860185185185185 0.099828125 0.2172037037037037
0 0.20388541666666665 0.10937962962962963 0.09006249999999998 0.21875
0 0.501953125 0.11670370370370371 0.09114583333333333 0.23340740740740742
0 0.6925989583333333 0.13985185185185184 0.1182708333333333 0.2797037037037037
0 0.7709427083333333 0.14332407407407408 0.12131250000000003 0.28664814814814815
0 0.8528645833333334 0.15162037037037038 0.11979166666666667 0.29784259259259266
0 0.9097239583333334 0.15548148148148144 0.1163177083333333 0.28703703703703703