0 0.10850520833333334 0.6649351851851851 0.21180729166666667 0.6022407407407406
0 0.3919270833333333 0.7172037037037038 0.19661458333333334 0.5655833333333334
0 0.5614166666666667 0.6975277777777779 0.19704687499999995 0.6049351851851853
0 0.732640625 0.7137314814814815 0.19965104166666664 0.572527777777778
0 0.9055989583333334 0.7091018518518519 0.18880208333333334 0.5817870370370372
0 0.4262135416666667 0.33101851851851855 0.35894270833333325 0.43673148148148155
0 0.12942708333333333 0.14074074074074075 0.0953125 0.2814814814814815
0 0.21875 0.1423611111111111 0.08333333333333333 0.2847222222222222
0 0.50390625 0.15162037037037038 0.09895833333333333 0.30324074074074076
0 0.6994375 0.18653703703703706 0.11110937499999997 0.35377777777777775
0 0.7762604166666667 0.18132407407407408 0.11110937499999997 0.33641666666666664
0 0.8604583333333333 0.2137314814814815 0.1258697916666667 0.2993796296296296
0 0.9186197916666666 0.2287777777777778 0.11458333333333333 0.28780555555555554
0 0.9682291666666667 0.25092592592592594 0.06354166666666666 0.2611111111111111