0 0.08702083333333334 0.18325925925925923 0.103734375 0.31712962962962965
0 0.17274479166666667 0.16937037037037037 0.08767187500000002 0.33873148148148147
0 0.3315989583333333 0.7357222222222223 0.2178802083333333 0.5285462962962965
0 0.375 0.3709537037037037 0.3528645833333333 0.44020370370370376
0 0.5146510416666668 0.7091018518518519 0.1985677083333334 0.5817870370370372
0 0.66775 0.7143148148148148 0.1688385416666667 0.5713703703703703
0 0.8587239583333334 0.7021574074074074 0.22526041666666666 0.5956759259259261
0 0.9542083333333333 0.6367685185185186 0.09157812499999997 0.37924074074074066
0 0.4523645833333333 0.16435185185185186 0.10524999999999997 0.3287037037037037
0 0.6533229166666668 0.18113888888888888 0.12044270833333333 0.3522407407407408
0 0.73415625 0.18210185185185182 0.11935937500000003 0.3148148148148148
0 0.814453125 0.1983055555555555 0.12890625 0.2916666666666667
0 0.92946875 0.1809444444444444 0.0985260416666667 0.1921296296296296
0 0.9485677083333334 0.3395092592592593 0.10286458333333333 0.21296296296296297