0 0.09086979166666669 0.7708148148148148 0.17758854166666668 0.458361111111111
0 0.3057708333333334 0.7797037037037039 0.17404687500000005 0.4405833333333334
0 0.46701562500000005 0.808638888888889 0.1527760416666667 0.382712962962963
0 0.6616770833333334 0.808638888888889 0.23480729166666664 0.382712962962963
0 0.23155208333333333 0.37442592592592594 0.08029687499999998 0.24807407407407414
0 0.3838958333333334 0.35436111111111107 0.07769270833333337 0.2125740740740741
0 0.4934895833333333 0.39506481481481487 0.07291666666666667 0.26851851851851855
0 0.896484375 0.7785462962962965 0.20703125 0.4428981481481482
0 0.953125 0.6660925925925926 0.09375 0.12307407407407414
0 0.8018645833333333 0.4409722222222222 0.09592187500000003 0.23071296296296298
0 0.9036458333333334 0.45023148148148145 0.10677083333333333 0.22608333333333336
0 0.9606145833333334 0.4457962962962963 0.07877083333333322 0.22414814814814818
0 0.339625 0.5007685185185186 0.26258854166666673 0.28549074074074066