0 0.08919270833333333 0.7733425925925926 0.17578125 0.4533148148148147
0 0.2973072916666667 0.777388888888889 0.16753645833333336 0.445212962962963
0 0.4716822916666667 0.8069074074074074 0.1634114583333334 0.38618518518518513
0 0.66015625 0.8126944444444445 0.23177083333333334 0.37461111111111106
0 0.23264062500000002 0.37191666666666673 0.08246354166666668 0.25000000000000006
0 0.339734375 0.49575925925925923 0.26931249999999995 0.2800925925925926
0 0.49457291666666664 0.3956388888888889 0.07899479166666665 0.2719907407407407
0 0.8981145833333334 0.7808611111111112 0.2037708333333332 0.43826851851851856
0 0.9541041666666668 0.6622314814814815 0.09179166666666655 0.11303703703703696
0 0.7230885416666666 0.43557407407407417 0.1297760416666667 0.2546296296296297
0 0.799046875 0.43788888888888894 0.0967864583333333 0.24074074074074078
0 0.902125 0.4486851851851852 0.09722395833333337 0.22993518518518521
0 0.965171875 0.4621944444444445 0.06965624999999989 0.2245370370370371
0 0.3726145833333333 0.36169444444444443 0.05642187499999996 0.16937037037037034