0 0.1484375 0.7040925925925927 0.21875 0.5439814814814816
0 0.351890625 0.7322500000000001 0.21809895833333334 0.5354907407407409
0 0.5187708333333333 0.6967592592592593 0.17816666666666664 0.5663611111111112
0 0.67990625 0.6986851851851852 0.18142187499999995 0.5424351851851853
0 0.8639322916666666 0.7033148148148148 0.21875 0.5933611111111112
0 0.9591145833333333 0.6310185185185185 0.08177083333333333 0.36203703703703705
0 0.11339062500000001 0.18287037037037038 0.10178125 0.3047870370370371
0 0.1958541666666667 0.1712962962962963 0.08441666666666668 0.3140462962962964
0 0.3637135416666667 0.1886574074074074 0.0946197916666667 0.3209907407407408
0 0.47124479166666666 0.17650925925925925 0.1026458333333333 0.3314074074074075
0 0.7447916666666666 0.19405555555555556 0.125 0.31789814814814815
0 0.8336614583333334 0.2048611111111111 0.12565104166666666 0.29784259259259266
0 0.9481770833333333 0.23055555555555557 0.10364583333333334 0.2574074074074074