0 0.05230208333333333 0.6975277777777779 0.10459895833333334 0.4938240740740742
0 0.1353072916666667 0.7162407407407407 0.2016041666666667 0.5613425925925926
0 0.4070104166666667 0.7565555555555556 0.1864166666666667 0.4868796296296298
0 0.5891927083333334 0.7403518518518519 0.2109375 0.5192870370370372
0 0.7358958333333334 0.7553981481481482 0.1631927083333333 0.4891944444444446
0 0.9091145833333333 0.75 0.18177083333333333 0.5
0 0.4418385416666667 0.45158333333333334 0.35243229166666656 0.3560925925925926
0 0.15277604166666667 0.2121944444444444 0.10243229166666665 0.29398148148148145
0 0.23828125 0.18942592592592594 0.078125 0.3549351851851852
0 0.4296875 0.20949074074074073 0.09765625 0.381175925925926
0 0.5435104166666667 0.24401851851851855 0.0792083333333333 0.29976851851851855
0 0.7106145833333334 0.2768148148148148 0.111328125 0.3468333333333334
0 0.7864583333333334 0.2777777777777778 0.11458333333333333 0.34182407407407417
0 0.8657760416666667 0.30247222222222225 0.1221770833333333 0.30324074074074076
0 0.9225260416666666 0.31712962962962965 0.10677083333333333 0.28163888888888894