0 0.3562291666666667 0.7282037037037037 0.2254791666666667 0.5435925925925925
0 0.5323333333333333 0.700425925925926 0.20399479166666665 0.5991481481481481
0 0.6898854166666666 0.7120000000000001 0.18316145833333336 0.576
0 0.8778229166666667 0.7010000000000001 0.22308854166666664 0.5979907407407409
0 0.96484375 0.6190185185185185 0.0703125 0.34375
0 0.3954010416666666 0.3524351851851852 0.35459895833333344 0.43325925925925934
0 0.10677083333333333 0.15548148148148147 0.10026041666666667 0.3109537037037037
0 0.19455208333333335 0.15432407407407406 0.08702083333333335 0.30863888888888885
0 0.4759114583333333 0.15856481481481483 0.10416666666666667 0.31712962962962965
0 0.6746979166666667 0.1701388888888889 0.1085052083333333 0.3402777777777778
0 0.8174895833333333 0.3144259259259259 0.20529687500000005 0.24613888888888893
0 0.7473958333333334 0.10231481481481482 0.10625 0.20462962962962963
0 0.953125 0.21064814814814814 0.09375 0.2608055555555556