0 0.3394114583333333 0.7415092592592593 0.22308854166666664 0.5169722222222224
0 0.5294270833333333 0.7111111111111111 0.20989583333333334 0.5777777777777777
0 0.6905364583333333 0.7195185185185186 0.20529687500000005 0.5609537037037039
0 0.8677291666666667 0.7044722222222223 0.2354583333333333 0.5910462962962965
0 0.9572916666666667 0.6375 0.08541666666666667 0.36944444444444446
0 0.3786875 0.3761574074074074 0.34852604166666656 0.43673148148148155
0 0.09201562499999999 0.18981481481481483 0.10199479166666665 0.30941666666666673
0 0.17600000000000002 0.1684074074074074 0.08246354166666668 0.3368055555555556
0 0.4568125 0.16898148148148148 0.10503645833333337 0.3279351851851853
0 0.6574427083333333 0.18788888888888886 0.115234375 0.3472222222222222
0 0.7336145833333333 0.17437962962962963 0.1221770833333333 0.3294722222222222
0 0.8237864583333334 0.18055555555555555 0.12673437499999995 0.33256481481481487
0 0.9422760416666667 0.21025925925925928 0.11110937499999997 0.27623148148148147