0 0.13693750000000002 0.7019722222222222 0.2269947916666667 0.5698333333333332
0 0.337890625 0.7147037037037037 0.22265625 0.5489999999999998
0 0.52321875 0.6795925925925926 0.209203125 0.5852592592592591
0 0.687828125 0.6969537037037037 0.20768229166666666 0.6060925925925925
0 0.86946875 0.6842222222222223 0.232421875 0.6315555555555555
0 0.9591145833333333 0.6013888888888889 0.08177083333333333 0.36203703703703705
0 0.10167187500000001 0.1527777777777778 0.10178125 0.3055555555555556
0 0.1875 0.15663888888888888 0.08723958333333333 0.3132685185185185
0 0.3569895833333333 0.16358333333333333 0.09548437499999997 0.3271574074074074
0 0.4639739583333334 0.15663888888888888 0.10373437500000003 0.3132685185185185
0 0.7451197916666668 0.15644444444444444 0.11653645833333333 0.3121111111111111
0 0.82790625 0.15895370370370365 0.1297760416666667 0.3101851851851852
0 0.9466145833333334 0.17515740740740737 0.10677083333333333 0.2777777777777778