0 0.08941145833333333 0.7393888888888889 0.17881770833333333 0.39467592592592593
0 0.2985052083333333 0.7573333333333334 0.16341145833333334 0.4004629629629631
0 0.47298437500000007 0.78125 0.16992187500000006 0.3371944444444445
0 0.6571197916666667 0.7710277777777778 0.23480729166666664 0.300537037037037
0 0.9544270833333334 0.6579907407407407 0.09114583333333333 0.09761111111111118
0 0.342015625 0.5073333333333333 0.26215104166666664 0.29398148148148145
0 0.2338333333333333 0.374037037037037 0.08355208333333332 0.25192592592592594
0 0.3855260416666667 0.3514629629629629 0.07834375000000003 0.2091018518518519
0 0.4911041666666666 0.3931296296296296 0.07465104166666663 0.2739166666666667
0 0.7156041666666667 0.4305555555555556 0.11350000000000003 0.2330277777777778
0 0.7953541666666666 0.3792407407407407 0.0868072916666667 0.1350277777777778
0 0.89246875 0.4342222222222222 0.08441666666666663 0.20100000000000004
0 0.9236979166666667 0.7768518518518519 0.15260416666666668 0.4462962962962963