0 0.1015625 0.6209537037037037 0.203125 0.6624259259259258
0 0.4181875 0.2455648148148148 0.37282812500000007 0.44868518518518524
0 0.38813020833333334 0.6766944444444445 0.22287500000000005 0.646601851851852
0 0.5649947916666667 0.6558611111111111 0.2081145833333333 0.6882685185185187
0 0.7256927083333333 0.6714907407407408 0.18706770833333336 0.6570185185185184
0 0.9055989583333334 0.669175925925926 0.18880208333333334 0.6616481481481481
0 0.11675520833333333 0.10551851851851851 0.10980729166666665 0.21103703703703702
0 0.20703125 0.10512962962962964 0.08723958333333333 0.21025925925925928
0 0.50390625 0.11169444444444444 0.09244791666666667 0.22337962962962962
0 0.6957447916666666 0.13637962962962963 0.1219635416666667 0.27275925925925926
0 0.7783229166666668 0.1348425925925926 0.12434895833333333 0.26967592592592593
0 0.8589427083333334 0.13985185185185184 0.12543229166666664 0.2797037037037037
0 0.916125 0.14525925925925925 0.11350000000000003 0.29050925925925924