0 0.10991666666666666 0.695212962962963 0.21332291666666667 0.609564814814815
0 0.3938802083333333 0.728037037037037 0.2265625 0.5439166666666665
0 0.5689010416666667 0.7102592592592593 0.23024999999999995 0.5794722222222224
0 0.7339427083333334 0.7258888888888889 0.2178802083333333 0.5482222222222222
0 0.8979166666666667 0.7199074074074074 0.20416666666666666 0.5601851851851852
0 0.427953125 0.35030555555555554 0.35590104166666675 0.4266944444444445
0 0.14409895833333333 0.1473796296296296 0.10590104166666668 0.29475
0 0.2296875 0.15092592592592594 0.08229166666666667 0.30185185185185187
0 0.5121510416666666 0.16319444444444445 0.09982812499999998 0.3263888888888889
0 0.7079010416666667 0.19289814814814815 0.1124114583333333 0.3456759259259259
0 0.7877604166666666 0.1957962962962963 0.11458333333333333 0.3445185185185185
0 0.8704427083333334 0.20640740740740737 0.12890625 0.33564814814814814
0 0.9265416666666667 0.22164814814814815 0.1161041666666667 0.32214814814814824