0 0.04915625 0.6867314814814814 0.09700520833333333 0.48148148148148145
0 0.129125 0.7071759259259259 0.19834895833333333 0.5594166666666668
0 0.43771875 0.4097222222222222 0.35459895833333344 0.418212962962963
0 0.4167760416666667 0.7538611111111112 0.21940104166666666 0.49074074074074087
0 0.5894114583333334 0.7365 0.22048437499999995 0.525462962962963
0 0.751734375 0.7536666666666667 0.19878645833333336 0.4926666666666666
0 0.904296875 0.7472962962962963 0.19140625 0.5053981481481483
0 0.14670312500000002 0.2013888888888889 0.10199479166666668 0.29784259259259266
0 0.23340104166666667 0.18537962962962964 0.07877604166666667 0.3607222222222222
0 0.42165625 0.20331481481481484 0.09982812500000003 0.3757685185185185
0 0.5106354166666667 0.21296296296296297 0.10199479166666668 0.34413888888888894
0 0.7042083333333333 0.2750740740740741 0.1102447916666667 0.3433611111111112
0 0.7840729166666667 0.27546296296296297 0.11110937499999997 0.3348796296296297
0 0.8618697916666667 0.2872314814814815 0.1182708333333333 0.32831481481481484
0 0.9186197916666666 0.31751851851851853 0.10807291666666667 0.28935185185185186
0 0.9713541666666666 0.3333333333333333 0.057291666666666664 0.2515462962962964