0 0.09657291666666666 0.7079444444444445 0.19314062499999998 0.584101851851852
0 0.40375520833333334 0.3684444444444445 0.35438541666666673 0.43750000000000006
0 0.3656666666666667 0.7351481481481482 0.22222395833333336 0.5297037037037037
0 0.5415572916666667 0.7108425925925926 0.2003020833333333 0.5783148148148147
0 0.6944427083333333 0.720675925925926 0.17534895833333336 0.558638888888889
0 0.8861979166666667 0.7074074074074074 0.22760416666666666 0.5833333333333334
0 0.11675520833333333 0.17380555555555557 0.10850520833333333 0.3236851851851852
0 0.2025833333333333 0.16666666666666666 0.08615624999999998 0.3333333333333333
0 0.48285416666666664 0.16937037037037034 0.10633854166666665 0.33101851851851855
0 0.68175 0.19136111111111107 0.11870833333333337 0.36574074074074076
0 0.7610677083333334 0.1840277777777778 0.1171875 0.3510833333333334
0 0.8480885416666666 0.20678703703703705 0.12847395833333336 0.30863888888888885
0 0.9049479166666666 0.21662962962962964 0.11458333333333333 0.2982222222222222