0 0.037328125000000004 0.6716851851851852 0.07204687500000001 0.5208333333333334
0 0.15755208333333334 0.6876944444444445 0.22135416666666666 0.5597962962962962
0 0.3569895833333333 0.7048611111111112 0.21918229166666664 0.5408981481481482
0 0.5398229166666667 0.6763148148148149 0.2098541666666667 0.5856481481481483
0 0.7044270833333334 0.6788240740740741 0.2109375 0.5559444444444444
0 0.884375 0.6875 0.23125 0.6231481481481481
0 0.9669270833333333 0.5921296296296297 0.06614583333333333 0.3212962962962963
0 0.12163541666666666 0.15162037037037038 0.0974375 0.3024722222222223
0 0.20974479166666665 0.1506574074074074 0.08615624999999998 0.3013148148148148
0 0.375109375 0.16262037037037036 0.1004791666666667 0.32523148148148145
0 0.48515625 0.15694444444444444 0.10260416666666666 0.3138888888888889
0 0.76009375 0.16319444444444445 0.12261458333333337 0.318675925925926
0 0.8490677083333333 0.16087962962962962 0.12912500000000005 0.32175925925925924
0 0.947265625 0.2370740740740741 0.10546875 0.29282407407407407