0 0.08854166666666667 0.7727592592592593 0.17708333333333334 0.45448148148148143
0 0.3005625 0.7536666666666667 0.17404687500000005 0.3954444444444444
0 0.46896875000000005 0.7824074074074074 0.173609375 0.34413888888888894
0 0.661890625 0.768712962962963 0.24435937500000005 0.29590740740740734
0 0.8968125 0.7779722222222223 0.2063749999999999 0.4440555555555555
0 0.7965520833333334 0.44289814814814815 0.099609375 0.22762037037037042
0 0.9557291666666666 0.6643518518518519 0.08854166666666667 0.1010833333333334
0 0.9027760416666666 0.4564074074074075 0.09722395833333337 0.22222222222222227
0 0.3389739583333334 0.5013518518518519 0.26389062500000005 0.28201851851851845
0 0.4109166666666667 0.46488888888888885 0.22678125000000005 0.2669722222222223
0 0.22884374999999998 0.3734537037037037 0.076171875 0.2600277777777778
0 0.495984375 0.3827129629629629 0.0713958333333333 0.2091018518518519