0 0.12434895833333333 0.7164351851851852 0.21744791666666666 0.5547870370370371
0 0.3244375 0.7328333333333333 0.21657812499999995 0.5343333333333332
0 0.5065104166666666 0.7019722222222222 0.20572916666666666 0.5929814814814813
0 0.6710052083333333 0.6917407407407408 0.20139062500000005 0.5563240740740742
0 0.8488489583333333 0.6940555555555556 0.23285416666666664 0.6118796296296297
0 0.9485677083333334 0.6284722222222222 0.10286458333333333 0.39275000000000004
0 0.08420312499999999 0.18441666666666662 0.09808854166666665 0.3101851851851852
0 0.16840104166666667 0.16705555555555554 0.08680729166666665 0.3341018518518518
0 0.3355052083333333 0.17669444444444446 0.0928802083333333 0.35030555555555554
0 0.44325 0.1701388888888889 0.1026458333333333 0.3402777777777778
0 0.7183177083333334 0.16358333333333333 0.1202239583333333 0.3271574074074074
0 0.806640625 0.1674351851851852 0.13151041666666666 0.33178703703703705
0 0.9292552083333334 0.1963703703703704 0.11371354166666663 0.2785462962962963