0 0.066625 0.49421296296296297 0.13324479166666667 0.40663888888888894
0 0.12738541666666667 0.6913611111111112 0.22352604166666667 0.5555555555555557
0 0.3266041666666667 0.7071759259259259 0.21831770833333336 0.5501574074074075
0 0.51584375 0.6655092592592593 0.200953125 0.5918240740740741
0 0.6751302083333334 0.6425555555555555 0.18880208333333334 0.525074074074074
0 0.861328125 0.6743796296296297 0.23307291666666666 0.6512314814814816
0 0.9546875 0.5902777777777778 0.090625 0.39166666666666666
0 0.09917708333333333 0.11477777777777777 0.091578125 0.22955555555555554
0 0.17654166666666665 0.1510462962962963 0.08615624999999998 0.3020833333333333
0 0.3445104166666667 0.15760185185185185 0.09396875000000003 0.3152037037037037
0 0.4538854166666667 0.1495 0.1043854166666667 0.299
0 0.7274322916666667 0.1479537037037037 0.1241302083333333 0.2959074074074074
0 0.8212916666666668 0.1527777777777778 0.12565104166666666 0.3001574074074075
0 0.9404322916666668 0.15528703703703706 0.111328125 0.2750740740740741