0 0.09776562500000001 0.6288518518518518 0.19422916666666667 0.6203703703703703
0 0.38726041666666666 0.6824814814814815 0.22894791666666664 0.5794722222222224
0 0.5670572916666666 0.6564444444444445 0.23003645833333336 0.6099537037037037
0 0.7276458333333333 0.6635740740740741 0.21441145833333336 0.5462962962962963
0 0.8990885416666666 0.6888518518518519 0.20182291666666666 0.6222962962962962
0 0.96484375 0.6030092592592593 0.0703125 0.3163611111111112
0 0.404296875 0.2916666666666667 0.36328125 0.4413611111111112
0 0.10807291666666667 0.11990740740740741 0.1015625 0.23981481481481481
0 0.19498958333333333 0.12384259259259259 0.08138020833333333 0.24768518518518517
0 0.482640625 0.12943518518518515 0.09808854166666663 0.25810185185185186
0 0.679578125 0.15316666666666665 0.1182708333333333 0.3063240740740741
0 0.7615 0.15142592592592588 0.11935937500000003 0.3020833333333333
0 0.836265625 0.1736111111111111 0.119140625 0.293212962962963
0 0.9028854166666667 0.19020370370370365 0.10915624999999997 0.28935185185185186
0 0.961265625 0.21798148148148144 0.07746874999999989 0.2569444444444444