0 0.023697916666666666 0.6837962962962963 0.04739583333333333 0.31203703703703706
0 0.09136458333333333 0.75 0.17491145833333333 0.49691666666666673
0 0.3470052083333333 0.7866481481481483 0.18359375 0.4266944444444445
0 0.5105260416666667 0.7635000000000002 0.17990625000000005 0.47299074074074077
0 0.6710052083333333 0.771601851851852 0.16753645833333336 0.4567870370370371
0 0.8491770833333334 0.7611851851851852 0.21527604166666664 0.47762037037037053
0 0.94609375 0.7458333333333333 0.1078125 0.39166666666666666
0 0.373265625 0.5108055555555555 0.33897395833333344 0.3449074074074074
0 0.07985937500000001 0.29050925925925924 0.09331770833333335 0.293212962962963
0 0.1640625 0.28858333333333336 0.08463541666666667 0.31712962962962965
0 0.252171875 0.28935185185185186 0.08376562500000002 0.30941666666666673
0 0.3515625 0.2951388888888889 0.10026041666666667 0.33025000000000004
0 0.630640625 0.3175185185185186 0.10764062500000003 0.32638888888888895