0 0.10959374999999999 0.6701388888888888 0.20876562499999998 0.5918240740740741
0 0.39040625 0.726462962962963 0.19488020833333336 0.547064814814815
0 0.5638020833333334 0.7073703703703704 0.19270833333333334 0.5852592592592591
0 0.7242864583333334 0.7173981481481481 0.19466145833333334 0.5358796296296297
0 0.903125 0.7175925925925926 0.19375 0.562962962962963
0 0.4254583333333334 0.3460648148148148 0.35872395833333337 0.4251574074074075
0 0.126734375 0.26871296296296293 0.11675520833333335 0.3630370370370371
0 0.22005208333333334 0.1496944444444444 0.08203125 0.2986111111111111
0 0.400609375 0.21855555555555553 0.09418229166666663 0.2210648148148148
0 0.5044479166666667 0.1633888888888889 0.10004166666666663 0.3267777777777778
0 0.6988958333333334 0.2087222222222222 0.111328125 0.35185185185185186
0 0.7775625 0.20794444444444446 0.11892187499999997 0.33641666666666664
0 0.8602447916666667 0.24016666666666667 0.1202239583333333 0.3059444444444445
0 0.9099375 0.2511574074074074 0.1063385416666667 0.2885833333333334
0 0.9674479166666666 0.27411111111111114 0.06510416666666667 0.2534722222222222