0 0.126953125 0.7351481481481482 0.22265625 0.5297037037037037
0 0.3230260416666667 0.7484537037037038 0.19162500000000005 0.5030833333333334
0 0.5176875 0.7218333333333333 0.20855208333333336 0.5563240740740742
0 0.6631927083333333 0.7276203703703704 0.16623437500000005 0.5447500000000002
0 0.8509114583333334 0.7137314814814815 0.22265625 0.572527777777778
0 0.951171875 0.6655092592592593 0.09765625 0.38812037037037045
0 0.08463541666666667 0.20717592592592593 0.10026041666666667 0.29784259259259266
0 0.1685104166666667 0.18730555555555556 0.08441666666666668 0.3746111111111111
0 0.338109375 0.21392592592592588 0.09548437499999997 0.3275462962962963
0 0.447046875 0.1971481481481481 0.1024322916666667 0.3333333333333333
0 0.7218958333333333 0.21296296296296297 0.12478124999999997 0.30787037037037035
0 0.8100052083333333 0.2226111111111111 0.12652083333333336 0.2855
0 0.9286041666666667 0.24228703703703705 0.1124114583333333 0.24768518518518517
0 0.9720052083333334 0.2299351851851852 0.055989583333333336 0.2507685185185185