0 0.412328125 0.737462962962963 0.22699479166666664 0.525074074074074
0 0.5818125 0.7183611111111111 0.19357812500000005 0.5632685185185187
0 0.732640625 0.7328333333333333 0.17230729166666664 0.5343333333333332
0 0.9096354166666667 0.7268518518518519 0.18072916666666666 0.5444444444444444
0 0.4520416666666666 0.3672870370370371 0.35980729166666675 0.43055555555555564
0 0.16504166666666667 0.15451851851851853 0.10091145833333333 0.3090277777777778
0 0.2530364583333333 0.16262037037037036 0.08550520833333332 0.32523148148148145
0 0.5364583333333334 0.18132407407407408 0.1015625 0.3341018518518518
0 0.7339427083333334 0.2175925925925926 0.11110937499999997 0.3696018518518519
0 0.8095729166666668 0.21547222222222223 0.115234375 0.3584074074074074
0 0.8936614583333333 0.24112962962962964 0.12456770833333337 0.3055555555555556