0 0.13454687499999998 0.7183611111111111 0.2222239583333333 0.5632685185185187
0 0.33539583333333334 0.7310925925925926 0.21896875000000005 0.5378055555555556
0 0.5104166666666666 0.7038981481481482 0.19010416666666666 0.5922037037037037
0 0.662328125 0.6973425925925926 0.1788177083333333 0.5559444444444444
0 0.8524322916666667 0.6975277777777779 0.2217864583333333 0.6049351851851853
0 0.953125 0.6265462962962962 0.09375 0.37962962962962965
0 0.09364062499999999 0.1815185185185185 0.10004166666666665 0.3020833333333333
0 0.17925520833333333 0.1701388888888889 0.08767187500000002 0.3402777777777778
0 0.3463541666666667 0.1859537037037037 0.09635416666666667 0.33178703703703705
0 0.4546875 0.17083333333333334 0.10520833333333333 0.3416666666666667
0 0.73046875 0.17175925925925925 0.1203125 0.3435185185185185
0 0.8159739583333334 0.17553703703703705 0.1319427083333333 0.33873148148148147
0 0.939671875 0.2037037037037037 0.11371354166666663 0.27932407407407417