0 0.10394791666666667 0.7195185185185186 0.20529687500000002 0.5609537037037039
0 0.3795572916666667 0.7496111111111111 0.22526041666666666 0.5007685185185187
0 0.560765625 0.7258888888888889 0.2139739583333333 0.5482222222222222
0 0.7202708333333334 0.7351481481481482 0.2100677083333333 0.5297037037037037
0 0.89140625 0.7361111111111112 0.2171875 0.5277777777777778
0 0.12890625 0.19946296296296293 0.10286458333333333 0.2916666666666667
0 0.212890625 0.18132407407407408 0.0859375 0.3618796296296296
0 0.49305729166666673 0.18461111111111111 0.10069270833333335 0.3661296296296297
0 0.6870677083333334 0.22453703703703703 0.1085052083333333 0.355712962962963
0 0.7528229166666667 0.16435185185185186 0.09027604166666663 0.23071296296296293
0 0.9055989583333334 0.19271296296296295 0.109375 0.2295555555555555
0 0.8815104166666666 0.29127777777777775 0.07161458333333333 0.1975277777777778