0 0.0890625 0.7393518518518518 0.178125 0.38796296296296295
0 0.30102083333333335 0.7566666666666667 0.16822395833333334 0.4044722222222222
0 0.47840625 0.7877314814814815 0.18172395833333332 0.3457685185185185
0 0.6606093749999999 0.7710185185185185 0.24101041666666656 0.3072129629629629
0 0.3434427083333333 0.49809259259259264 0.2646302083333333 0.290925925925926
0 0.23040625 0.3676203703703703 0.07905208333333331 0.2536481481481482
0 0.38176041666666666 0.3481296296296296 0.06652083333333335 0.2018055555555556
0 0.4878072916666667 0.39675925925925926 0.05880729166666671 0.2553611111111111
0 0.7241197916666666 0.44710185185185186 0.13231249999999997 0.2506481481481482
0 0.7969010416666666 0.43575 0.08989583333333329 0.2305092592592593
0 0.9649114583333334 0.4597407407407407 0.07017708333333322 0.1808148148148148