0 0.11469270833333334 0.6603055555555556 0.21506250000000002 0.6114999999999998
0 0.39551041666666664 0.7154722222222223 0.19596354166666666 0.5690555555555555
0 0.43196875000000007 0.32909259259259266 0.35872395833333337 0.4328703703703704
0 0.5694427083333333 0.6986851851851852 0.2000885416666667 0.6026203703703705
0 0.7298177083333334 0.7154722222222223 0.18619791666666666 0.5690555555555555
0 0.9078125 0.7106481481481481 0.184375 0.5768518518518518
0 0.13574479166666667 0.14216666666666666 0.099609375 0.2843333333333333
0 0.22634374999999998 0.14371296296296296 0.08680729166666665 0.2874259259259259
0 0.511609375 0.15683333333333332 0.10524999999999997 0.3136574074074074
0 0.7059479166666667 0.18924074074074074 0.11501562499999997 0.36381481481481487
0 0.786890625 0.18942592592592594 0.11284895833333337 0.3433611111111111
0 0.8658854166666666 0.2025462962962963 0.12760416666666666 0.3371944444444445
0 0.9265416666666667 0.22318518518518515 0.11480208333333337 0.32060185185185186