0 0.08680729166666666 0.7727592592592594 0.17360937499999998 0.4544722222222223
0 0.726453125 0.44193518518518515 0.1338958333333333 0.24884259259259253
0 0.800671875 0.4373055555555555 0.09222916666666663 0.2395833333333333
0 0.90234375 0.4488796296296296 0.1015625 0.2395833333333333
0 0.9611979166666667 0.44722222222222224 0.07760416666666667 0.21666666666666667
0 0.233234375 0.3734166666666667 0.07881770833333336 0.2540277777777778
0 0.38658333333333333 0.3567314814814815 0.07345833333333332 0.20922222222222225
0 0.49328125 0.39414814814814814 0.07131250000000004 0.264037037037037
0 0.34020312500000005 0.5075740740740741 0.260578125 0.2907222222222222
0 0.29998958333333337 0.7790462962962963 0.16728645833333336 0.4419074074074074
0 0.47478125000000004 0.8069259259259259 0.1629947916666667 0.38613888888888875
0 0.665125 0.8119351851851851 0.23162500000000014 0.37612962962962965
0 0.898109375 0.7833333333333333 0.2037812500000001 0.433324074074074
0 0.9540052083333334 0.6541296296296296 0.09198958333333328 0.14059259259259252