0 0.08854166666666667 0.7756574074074074 0.17708333333333334 0.44868518518518513
0 0.300890625 0.7797037037037039 0.16558333333333336 0.4405833333333334
0 0.47298437500000007 0.8080648148148148 0.1686197916666667 0.3838703703703703
0 0.6687291666666667 0.8126944444444445 0.2215729166666667 0.37461111111111106
0 0.23155208333333333 0.3757685185185185 0.08029687499999998 0.257712962962963
0 0.3375677083333333 0.49807407407407406 0.259765625 0.28935185185185186
0 0.3843333333333333 0.3541666666666667 0.0733489583333333 0.20987962962962958
0 0.492296875 0.39718518518518514 0.0770416666666667 0.2704444444444445
0 0.7258020833333333 0.44714814814814824 0.13259374999999995 0.23842592592592599
0 0.79665625 0.44020370370370376 0.10373437500000003 0.23842592592592599
0 0.9047291666666666 0.4535092592592592 0.10894270833333337 0.2256944444444444
0 0.9615885416666666 0.4485 0.07682291666666667 0.2017777777777778
0 0.8984375 0.7785462962962965 0.203125 0.4428981481481482
0 0.9544270833333334 0.6689814814814815 0.09114583333333333 0.11265740740740747