0 0.16123958333333333 0.7033148148148148 0.23133854166666665 0.5933611111111112
0 0.3745677083333333 0.7224166666666667 0.22829687499999995 0.5551666666666666
0 0.5597864583333333 0.6981111111111111 0.2198333333333333 0.6037777777777777
0 0.706921875 0.7096851851851852 0.18337499999999995 0.5806296296296296
0 0.8927083333333333 0.7013888888888888 0.21458333333333332 0.5953703703703703
0 0.8121770833333334 0.355712962962963 0.09309895833333333 0.34259259259259267
0 0.126734375 0.14679629629629629 0.10243229166666667 0.29359259259259257
0 0.21354166666666666 0.14525925925925925 0.08854166666666667 0.29050925925925924
0 0.3834635416666667 0.15875925925925927 0.10286458333333333 0.31751851851851853
0 0.49696354166666673 0.15489814814814815 0.10590104166666668 0.3097962962962963
0 0.7506510416666666 0.13753703703703704 0.06901041666666667 0.2750740740740741
0 0.8860677083333334 0.2349537037037037 0.06901041666666667 0.20524999999999996
0 0.954859375 0.16782407407407407 0.0633697916666667 0.15432407407407403