0 0.11371354166666667 0.17090740740740742 0.10243229166666667 0.3109537037037037
0 0.19965104166666667 0.16531481481481478 0.08420312499999998 0.3159722222222222
0 0.3639322916666667 0.7351481481481482 0.22526041666666666 0.5297037037037037
0 0.547203125 0.7114166666666667 0.21028645833333334 0.5771574074074075
0 0.71071875 0.7218333333333333 0.2079010416666667 0.5563240740740742
0 0.8854166666666666 0.7102592592592593 0.22916666666666666 0.5794722222222224
0 0.9661458333333334 0.6377314814814815 0.06770833333333333 0.33256481481481487
0 0.4008229166666667 0.36650925925925926 0.35243229166666656 0.4290092592592593
0 0.4816614583333333 0.1674351851851852 0.10134374999999997 0.3294722222222222
0 0.6805572916666667 0.18614814814814812 0.11110937499999997 0.3460648148148148
0 0.7603072916666667 0.1849907407407407 0.12868749999999995 0.33912037037037035
0 0.8442916666666667 0.19155555555555556 0.12738541666666664 0.3337222222222223
0 0.9537760416666666 0.22569444444444445 0.09244791666666667 0.27932407407407417