0 0.12282812500000001 0.7438240740740741 0.20659895833333333 0.5123425925925927
0 0.38813020833333334 0.777388888888889 0.19553125000000005 0.445212962962963
0 0.562828125 0.7565555555555556 0.18815104166666666 0.4868796296296298
0 0.7201614583333333 0.7652407407407408 0.16818750000000005 0.46951851851851845
0 0.8947916666666667 0.7537037037037037 0.21041666666666667 0.49074074074074076
0 0.4305572916666666 0.45525000000000004 0.34678645833333344 0.42129629629629634
0 0.14605208333333333 0.261 0.09939062500000002 0.2966851851851853
0 0.23285416666666667 0.23669444444444443 0.08550520833333332 0.3545555555555556
0 0.509765625 0.2465277777777778 0.10026041666666667 0.34413888888888894
0 0.7026927083333334 0.2970648148148148 0.10980729166666663 0.34799074074074077
0 0.7791875 0.28780555555555554 0.11306249999999997 0.33410185185185187
0 0.8640416666666667 0.3128888888888889 0.1239166666666667 0.30092592592592593
0 0.9233958333333334 0.3155833333333333 0.1124114583333333 0.28317592592592594
0 0.9713541666666666 0.3256203703703704 0.057291666666666664 0.23842592592592593