0 0.08745833333333333 0.7750740740740742 0.17491145833333333 0.4498425925925926
0 0.2979583333333334 0.7797037037037039 0.1610260416666667 0.4405833333333334
0 0.47265625 0.8109537037037039 0.16666666666666666 0.3780833333333334
0 0.661890625 0.8126944444444445 0.2352447916666667 0.37461111111111106
0 0.9248072916666668 0.7791296296296296 0.15038541666666655 0.44174074074074066
0 0.9544270833333334 0.6716851851851852 0.09114583333333333 0.12962962962962962
0 0.23111979166666666 0.3736481481481481 0.08072916666666667 0.24884259259259253
0 0.3385416666666667 0.5023148148148148 0.26171875 0.28163888888888894
0 0.3840052083333333 0.36362037037037037 0.07269791666666663 0.2287777777777778
0 0.4926197916666667 0.39467592592592593 0.07769270833333337 0.27006481481481487
0 0.724390625 0.4444444444444444 0.12717187500000005 0.23071296296296298
0 0.7905833333333334 0.4014259259259259 0.07465104166666663 0.15624999999999994
0 0.9067916666666667 0.4434814814814815 0.0870208333333333 0.2403518518518519
0 0.9625677083333334 0.4479166666666667 0.07486458333333322 0.2006203703703704