0 0.025609375 0.7553981481481482 0.051213541666666675 0.4891944444444446
0 0.10753125000000001 0.7548240740740741 0.17209375000000002 0.49035185185185176
0 0.3452708333333333 0.7935925925925927 0.16189062499999995 0.4128055555555556
0 0.5181197916666667 0.7710277777777778 0.1573333333333333 0.4579444444444444
0 0.6791458333333333 0.7820185185185187 0.15386458333333336 0.43595370370370373
0 0.8510208333333333 0.7704444444444446 0.19292708333333336 0.45910185185185187
0 0.9528020833333334 0.7588703703703705 0.09439583333333322 0.3873425925925926
0 0.08930208333333334 0.299 0.08355208333333335 0.2916666666666667
0 0.17447916666666666 0.2881944444444444 0.07291666666666667 0.3209907407407408
0 0.2683385416666667 0.30343518518518514 0.0744375 0.3121111111111112
0 0.3707708333333333 0.30999074074074073 0.083984375 0.3391203703703703
0 0.38422395833333334 0.5 0.34266666666666673 0.40663888888888894
0 0.6421458333333334 0.33641666666666664 0.1085052083333333 0.3294722222222223
0 0.7183177083333334 0.3368055555555556 0.09939062499999997 0.3024722222222223
0 0.8051197916666666 0.35648148148148145 0.11675520833333337 0.2862685185185186
0 0.8601354166666667 0.356287037037037 0.1004791666666667 0.2650462962962962
0 0.9270833333333334 0.3728796296296296 0.08463541666666667 0.24729629629629635