0 0.09006249999999999 0.7332222222222222 0.18011979166666667 0.37770370370370376
0 0.3019739583333333 0.7565555555555556 0.16774999999999995 0.3989166666666667
0 0.47678125000000005 0.7879999999999999 0.181421875 0.34375
0 0.6589635416666667 0.7694814814814814 0.23198958333333336 0.2974537037037037
0 0.8974635416666668 0.7212592592592593 0.20507291666666655 0.33062962962962955
0 0.9524739583333334 0.6504629629629629 0.09505208333333333 0.12191666666666673
0 0.3389739583333334 0.5003888888888889 0.26389062500000005 0.2777777777777778
0 0.23372395833333334 0.3726851851851852 0.08463541666666667 0.2584907407407408
0 0.3834635416666667 0.34876851851851853 0.07421875 0.20601851851851852
0 0.4905625 0.39159259259259266 0.07356770833333333 0.26851851851851855
0 0.7261302083333334 0.44984259259259257 0.13324479166666664 0.23687962962962966
0 0.7975260416666666 0.4425185185185186 0.09895833333333333 0.23148148148148154
0 0.902671875 0.45023148148148145 0.10221354166666667 0.22839814814814816
0 0.9619166666666668 0.4488796296296296 0.07616666666666655 0.21412037037037032