0 0.11284895833333333 0.7210648148148148 0.22569270833333333 0.5547870370370371
0 0.32172395833333334 0.7363055555555555 0.2254791666666667 0.5273888888888888
0 0.5091145833333334 0.706212962962963 0.20703125 0.587574074074074
0 0.6770833333333334 0.7125740740740741 0.20442708333333334 0.5748425925925927
0 0.8522135416666666 0.7010000000000001 0.23697916666666666 0.5979907407407409
0 0.9494791666666667 0.6638888888888889 0.10104166666666667 0.43703703703703706
0 0.07421875 0.17824074074074073 0.10026041666666667 0.3233055555555556
0 0.15896354166666665 0.16570370370370371 0.08615624999999998 0.33140740740740743
0 0.3231354166666666 0.1774722222222222 0.10980729166666663 0.33564814814814814
0 0.43891145833333334 0.17284259259259255 0.10568750000000003 0.33101851851851855
0 0.6616770833333334 0.19405555555555556 0.0967864583333333 0.33178703703703705
0 0.7390416666666667 0.21951851851851853 0.08355208333333337 0.2345648148148148
0 0.802953125 0.17090740740740742 0.12282812499999997 0.33178703703703705
0 0.926109375 0.2013888888888889 0.111328125 0.28163888888888894