0 0.039322916666666666 0.6550925925925926 0.07864583333333333 0.487962962962963
0 0.10829166666666666 0.689425925925926 0.20355729166666667 0.5794722222222224
0 0.384984375 0.737462962962963 0.19314062499999995 0.525074074074074
0 0.5577239583333333 0.7224166666666667 0.18185937500000005 0.5551666666666666
0 0.7202708333333334 0.7403518518518519 0.17621354166666664 0.5192870370370372
0 0.9029947916666666 0.7334074074074074 0.19401041666666666 0.5331759259259261
0 0.4194895833333333 0.41011111111111115 0.35720312500000007 0.3526203703703704
0 0.12728124999999998 0.1635833333333333 0.103515625 0.30324074074074076
0 0.21462499999999998 0.16570370370370371 0.08159895833333332 0.31905555555555554
0 0.4075520833333333 0.17998148148148146 0.10026041666666667 0.32909259259259266
0 0.49587499999999995 0.17476851851851852 0.10243229166666665 0.34413888888888894
0 0.687609375 0.23649999999999996 0.11480208333333337 0.35648148148148145
0 0.7644322916666667 0.23997222222222223 0.1121979166666667 0.33410185185185187
0 0.847875 0.25386111111111115 0.1280364583333333 0.33564814814814814
0 0.9012604166666667 0.286462962962963 0.10720312499999997 0.287425925925926
0 0.962890625 0.29321296296296295 0.07421875 0.2800925925925926