0 0.13965104166666667 0.7287777777777779 0.21028645833333334 0.5424351851851853
0 0.4149322916666666 0.7635000000000002 0.2256927083333333 0.47299074074074077
0 0.5906041666666667 0.7438240740740741 0.21896875000000005 0.5123425925925927
0 0.7536875 0.757712962962963 0.20139062500000005 0.48456481481481495
0 0.9057291666666667 0.7467592592592592 0.18854166666666666 0.5046296296296297
0 0.4499791666666667 0.42457407407407405 0.34527083333333336 0.42013888888888884
0 0.166015625 0.22665740740740736 0.1015625 0.2974537037037037
0 0.25531770833333334 0.20562962962962963 0.08355208333333332 0.36419444444444443
0 0.5316822916666666 0.21798148148148144 0.09852604166666665 0.35185185185185186
0 0.7273229166666667 0.26196296296296295 0.1082916666666667 0.35185185185185186
0 0.8081614583333334 0.2816388888888889 0.11501562499999997 0.31712962962962965
0 0.8823802083333334 0.2976481481481481 0.12282812499999997 0.2866481481481482
0 0.9446614583333334 0.2847222222222222 0.11067708333333333 0.318675925925926