0 0.08800000000000001 0.7756574074074074 0.17469791666666667 0.44868518518518513
0 0.3019739583333333 0.7791296296296296 0.1729583333333333 0.44174074074074066
0 0.474609375 0.8080648148148148 0.16796875 0.3838703703703703
0 0.6636302083333334 0.8144259259259261 0.23610937499999995 0.3711388888888889
0 0.8997395833333334 0.7797037037037039 0.20052083333333334 0.4405833333333334
0 0.339625 0.5011574074074074 0.26389062500000005 0.2723796296296297
0 0.22894791666666667 0.3734537037037037 0.07118229166666665 0.2530833333333334
0 0.38303125 0.3497314814814815 0.0694427083333333 0.18942592592592597
0 0.490234375 0.39428703703703705 0.07291666666666667 0.27160185185185187
0 0.7256927083333333 0.4459907407407408 0.13107812500000005 0.24074074074074078
0 0.7979583333333333 0.44212962962962965 0.0985260416666667 0.23765740740740748
0 0.90234375 0.449462962962963 0.10677083333333333 0.2245370370370371
0 0.961265625 0.44463888888888886 0.07746874999999989 0.2125740740740741
0 0.953125 0.6618425925925926 0.09375 0.11921296296296297