0 0.11696875000000001 0.7125740740740741 0.22352604166666667 0.5748425925925927
0 0.31543229166666664 0.7224166666666667 0.220703125 0.5551666666666666
0 0.49392187499999995 0.6928981481481482 0.1909739583333333 0.6141944444444446
0 0.650390625 0.6975277777777779 0.16536458333333334 0.6049351851851853
0 0.8409270833333333 0.6853796296296296 0.22613020833333336 0.6292407407407407
0 0.94609375 0.6078703703703704 0.1078125 0.4009259259259259
0 0.07552083333333333 0.17072222222222222 0.10026041666666667 0.3175185185185186
0 0.15896354166666665 0.16203703703703703 0.08876041666666665 0.32407407407407407
0 0.3289947916666666 0.17225925925925922 0.09808854166666663 0.33449074074074076
0 0.4344635416666666 0.15856481481481483 0.10590104166666663 0.31712962962962965
0 0.7109375 0.16164814814814815 0.12760416666666666 0.3202129629629629
0 0.8017604166666668 0.16666666666666666 0.13346354166666666 0.3024722222222223
0 0.9232864583333333 0.18132407407407408 0.1161041666666667 0.2669722222222222