0 0.08723958333333333 0.7285925925925926 0.17447916666666666 0.3684444444444445
0 0.2279739583333333 0.37442592592592594 0.07443749999999998 0.24807407407407414
0 0.3385416666666667 0.5023148148148148 0.265625 0.28395370370370376
0 0.3003489583333333 0.7569444444444444 0.17360937499999995 0.3996944444444445
0 0.662328125 0.783175925925926 0.23090104166666664 0.3040092592592592
0 0.8977864583333334 0.7241481481481482 0.20442708333333334 0.3248425925925925
0 0.9463958333333333 0.6591481481481481 0.08029687500000003 0.10455555555555562
0 0.38379166666666664 0.3587962962962963 0.068359375 0.19136111111111107
0 0.490125 0.3904351851851853 0.07269791666666663 0.26851851851851855
0 0.724609375 0.4513888888888889 0.12890625 0.23765740740740748
0 0.8040364583333334 0.4465648148148148 0.09505208333333333 0.23495370370370366
0 0.9041875 0.45678703703703705 0.10134374999999997 0.21604629629629635
0 0.9664739583333334 0.4529351851851853 0.06705208333333322 0.20370370370370375