0 0.03602604166666667 0.7143148148148148 0.07204687500000001 0.37692592592592583
0 0.10232291666666667 0.7507685185185186 0.19553125000000002 0.49845370370370384
0 0.367078125 0.7837592592592593 0.18337499999999995 0.4324814814814814
0 0.5345052083333334 0.7623425925925926 0.17447916666666666 0.4753055555555557
0 0.69921875 0.7721851851851852 0.16927083333333334 0.45562962962962955
0 0.87890625 0.757712962962963 0.2421875 0.48456481481481495
0 0.400390625 0.48456481481481484 0.33984375 0.4128055555555555
0 0.10644791666666667 0.2663981481481481 0.09830729166666667 0.3352592592592593
0 0.19444270833333333 0.2658148148148148 0.07769270833333332 0.34567592592592594
0 0.2797291666666667 0.27199074074074076 0.08290104166666667 0.3209907407407408
0 0.3817291666666666 0.27585185185185185 0.1045989583333333 0.36574074074074076
0 0.6608072916666666 0.3097962962962963 0.109375 0.3317870370370371
0 0.7417552083333334 0.3142407407407407 0.11371354166666663 0.324462962962963
0 0.7989375 0.3105740740740741 0.0731354166666667 0.24074074074074073
0 0.9039739583333334 0.375 0.061848958333333336 0.1936759259259259
0 0.939453125 0.3271574074074074 0.07682291666666667 0.19058333333333338