0 0.09027604166666667 0.7750740740740742 0.17534895833333333 0.4498425925925926
0 0.2981770833333333 0.7608055555555556 0.16666666666666666 0.4074074074074075
0 0.4700520833333333 0.7789351851851852 0.171875 0.3371944444444445
0 0.6633020833333333 0.808638888888889 0.24587499999999995 0.382712962962963
0 0.8971354166666666 0.7750740740740742 0.20572916666666666 0.4498425925925926
0 0.9537760416666666 0.6709074074074074 0.09244791666666667 0.12113888888888882
0 0.339953125 0.4971111111111111 0.26063541666666673 0.29437037037037045
0 0.23480729166666667 0.37075925925925934 0.08810937499999998 0.24768518518518523
0 0.3151041666666667 0.36323148148148143 0.06901041666666667 0.2719907407407407
0 0.3832447916666667 0.3499259259259259 0.07248437500000003 0.20601851851851852
0 0.4894739583333333 0.3888888888888889 0.0753020833333333 0.27006481481481487
0 0.7960052083333333 0.4199444444444444 0.10373437500000003 0.2650462962962962
0 0.902234375 0.4434814814814815 0.0987395833333333 0.24729629629629635
0 0.96171875 0.44722222222222224 0.0765625 0.20555555555555555