0 0.027994791666666668 0.7231851851851852 0.055989583333333336 0.4270833333333333
0 0.09140625 0.7476851851851852 0.1828125 0.5046296296296297
0 0.3559010416666667 0.7779722222222223 0.1844635416666667 0.4440555555555555
0 0.54134375 0.7553981481481482 0.20377604166666666 0.4891944444444446
0 0.68565625 0.765814814814815 0.1668854166666667 0.4683611111111112
0 0.8581822916666667 0.7525092592592593 0.2137604166666667 0.4949814814814814
0 0.9486979166666667 0.7263888888888889 0.10260416666666666 0.3712962962962963
0 0.384984375 0.4695185185185185 0.34288020833333344 0.4128055555555556
0 0.090171875 0.26967592592592593 0.103515625 0.30941666666666673
0 0.17014062500000002 0.24903703703703703 0.07204687500000002 0.3537777777777778
0 0.279078125 0.3111481481481482 0.055557291666666675 0.2604166666666667
0 0.36426041666666664 0.26080555555555557 0.10221354166666667 0.375
0 0.6436614583333333 0.30247222222222225 0.1102447916666667 0.3425925925925926
0 0.7178802083333333 0.2970648148148148 0.11545312500000003 0.3225277777777778
0 0.801 0.3155833333333333 0.13064062499999995 0.2808611111111112
0 0.8603541666666668 0.32407407407407407 0.115234375 0.2746944444444445
0 0.9267604166666668 0.33237037037037037 0.09309895833333333 0.25192592592592594
0 0.9690104166666667 0.35555555555555557 0.06197916666666667 0.22592592592592592