0 0.05078125 0.7170185185185185 0.1015625 0.48418518518518505
0 0.1333541666666667 0.7328333333333333 0.20290625 0.5343333333333332
0 0.402671875 0.7704444444444446 0.18294270833333334 0.45910185185185187
0 0.57009375 0.7507685185185186 0.18576562500000005 0.49845370370370384
0 0.7351354166666667 0.7623425925925926 0.1629791666666667 0.4753055555555557
0 0.8986979166666667 0.7560185185185185 0.20260416666666667 0.4861111111111111
0 0.4361979166666667 0.4444444444444444 0.34375 0.40432407407407417
0 0.14561458333333333 0.24170370370370373 0.10243229166666665 0.2951388888888889
0 0.23274999999999998 0.23456481481481484 0.08268229166666667 0.2924351851851852
0 0.3132604166666667 0.4274722222222223 0.1473541666666667 0.36805555555555564
0 0.43022916666666666 0.2555925925925926 0.08181249999999997 0.33217592592592593
0 0.7007395833333334 0.29398148148148145 0.11371354166666663 0.34182407407407417
0 0.78353125 0.3103796296296296 0.115234375 0.2982222222222223
0 0.8588333333333333 0.31905555555555554 0.11740625000000003 0.2901203703703704
0 0.9149322916666667 0.33313888888888893 0.1085052083333333 0.2743055555555556
0 0.9700520833333334 0.35377777777777775 0.059895833333333336 0.2438240740740741