0 0.08941145833333333 0.7328333333333333 0.17881770833333333 0.3815555555555555
0 0.3023020833333333 0.7569444444444444 0.17230729166666664 0.3996944444444445
0 0.47298437500000007 0.7824074074074074 0.15820312500000006 0.34413888888888894
0 0.664171875 0.7696759259259259 0.2411041666666667 0.2862685185185186
0 0.8968125 0.7154722222222223 0.2063749999999999 0.32368518518518513
0 0.9537760416666666 0.6466018518518519 0.09244791666666667 0.11419444444444438
0 0.3034947916666667 0.49189814814814814 0.19553125000000005 0.2723796296296297
0 0.23220312499999998 0.36921296296296297 0.08290104166666665 0.24923148148148155
0 0.375 0.35609259259259257 0.055989583333333336 0.1813240740740741
0 0.4921875 0.39487037037037037 0.06901041666666667 0.27970370370370373
0 0.7231979166666667 0.4513888888888889 0.13129166666666664 0.24691666666666673
0 0.8013229166666667 0.44309259259259254 0.0948333333333333 0.23263888888888884
0 0.902125 0.45621296296296293 0.10113020833333337 0.21720370370370373
0 0.96484375 0.45081481481481483 0.0703125 0.20640740740740743