0 0.09157812500000001 0.7739166666666668 0.17795312500000002 0.45215740740740745
0 0.3023020833333333 0.7590648148148148 0.17230729166666664 0.40625
0 0.47417708333333336 0.7831759259259261 0.17491145833333335 0.3317870370370371
0 0.6634114583333334 0.7669722222222223 0.23567708333333334 0.2901203703703703
0 0.8971354166666666 0.7797037037037039 0.20572916666666666 0.4405833333333334
0 0.3391927083333333 0.4971111111111111 0.26171875 0.2851111111111112
0 0.7944895833333334 0.4386574074074074 0.1045989583333333 0.24460185185185193
0 0.8993072916666667 0.4504259259259259 0.1006927083333333 0.2287777777777778
0 0.9615885416666666 0.451 0.07682291666666667 0.20447222222222225
0 0.23318229166666665 0.37519444444444444 0.08485416666666665 0.25192592592592594
0 0.318359375 0.3615 0.053385416666666664 0.2037037037037037
0 0.3828125 0.34914814814814815 0.07291666666666667 0.20215740740740745
0 0.49240625 0.3966018518518518 0.06814062499999997 0.2692870370370371
0 0.9528020833333334 0.6585648148148148 0.09439583333333322 0.09876851851851859