0 0.10633854166666666 0.7040925925925927 0.21267187499999998 0.5856481481481483
0 0.3855260416666667 0.7343796296296297 0.22808333333333336 0.5281666666666666
0 0.5653229166666667 0.7160462962962963 0.21657812499999995 0.5678981481481483
0 0.7279739583333333 0.7293611111111111 0.21506250000000005 0.5412777777777777
0 0.8940104166666667 0.7208333333333333 0.21197916666666666 0.5583333333333333
0 0.42165625 0.36516666666666664 0.35373437499999993 0.41937037037037045
0 0.14181770833333335 0.1618425925925926 0.10915625000000002 0.3236851851851852
0 0.22373958333333333 0.1660925925925926 0.08420312499999998 0.33217592592592593
0 0.5045572916666666 0.16975 0.09895833333333333 0.33873148148148147
0 0.8781458333333333 0.21662962962962964 0.0987395833333333 0.3422037037037037
0 0.9192708333333334 0.1685925925925926 0.1015625 0.2021574074074074