0 0.020401041666666668 0.654324074074074 0.040796875 0.5
0 0.11642708333333333 0.6861481481481481 0.22113541666666667 0.5659722222222222
0 0.31434375 0.6950277777777778 0.2198333333333333 0.5513148148148147
0 0.4970729166666667 0.6547037037037038 0.19726562500000006 0.5933611111111112
0 0.6516927083333334 0.6836388888888889 0.18098958333333334 0.6327129629629631
0 0.84375 0.6697500000000001 0.2265625 0.6604907407407409
0 0.94921875 0.5825648148148148 0.1015625 0.4027777777777778
0 0.08463541666666667 0.1495 0.09505208333333333 0.2959074074074074
0 0.16644791666666667 0.15451851851851853 0.08941145833333332 0.3090277777777778
0 0.3296458333333333 0.15605555555555556 0.10980729166666663 0.3121111111111111
0 0.44166666666666665 0.15 0.10625 0.3
0 0.6421458333333334 0.14100925925925925 0.1319427083333333 0.2820185185185185
0 0.7317708333333334 0.14410185185185184 0.11067708333333333 0.2881944444444444
0 0.808375 0.14410185185185184 0.13107812500000005 0.2881944444444444
0 0.8705520833333333 0.14062962962962963 0.1317291666666667 0.28125
0 0.937609375 0.15412962962962964 0.1043854166666667 0.2635