0 0.024958333333333336 0.6994629629629631 0.04991145833333334 0.5439814814814816
0 0.11881770833333333 0.7079444444444445 0.220703125 0.5609537037037039
0 0.3138020833333333 0.7228055555555556 0.22135416666666666 0.546685185185185
0 0.49587499999999995 0.6844166666666668 0.181859375 0.5925925925925927
0 0.654625 0.6930925925925926 0.173828125 0.59375
0 0.8400625 0.6836388888888889 0.2256927083333333 0.6327129629629631
0 0.9466145833333334 0.6080277777777777 0.10677083333333333 0.39814814814814814
0 0.07877604166666667 0.17535185185185184 0.09765625 0.3059444444444445
0 0.16363020833333333 0.16126851851851848 0.08767187500000002 0.32175925925925924
0 0.33105729166666664 0.17187962962962963 0.09830729166666667 0.3314074074074075
0 0.4371770833333333 0.1641574074074074 0.10481770833333333 0.3283148148148148
0 0.646265625 0.1635833333333333 0.11675520833333337 0.3263888888888889
0 0.7159270833333333 0.15933333333333335 0.1180572916666667 0.31789814814814815
0 0.8023020833333334 0.1658981481481481 0.1319427083333333 0.2986111111111111
0 0.8643645833333333 0.17399999999999996 0.13107812500000005 0.26851851851851855
0 0.9286041666666667 0.17804629629629626 0.10329687499999997 0.26967592592592593