0 0.08919270833333333 0.7727592592592594 0.17838541666666666 0.4544722222222223
0 0.298609375 0.7550185185185185 0.16753645833333336 0.40509259259259267
0 0.46875 0.778361111111111 0.16927083333333334 0.3476111111111111
0 0.6655833333333334 0.8097962962962965 0.24652604166666664 0.3803981481481482
0 0.8971354166666666 0.777388888888889 0.20572916666666666 0.445212962962963
0 0.9524739583333334 0.6620370370370371 0.09505208333333333 0.1172870370370371
0 0.3402760416666667 0.5005833333333334 0.26128645833333336 0.2920555555555556
0 0.23220312499999998 0.3738425925925926 0.08420312499999998 0.26312037037037045
0 0.3133697916666666 0.36400925925925925 0.0694427083333333 0.2735370370370371
0 0.3823802083333333 0.3468333333333333 0.0694427083333333 0.2091018518518519
0 0.4913177083333334 0.3900462962962963 0.06857812500000003 0.2723796296296297
0 0.795140625 0.4286296296296297 0.1045989583333333 0.2615740740740741
0 0.90440625 0.443675925925926 0.10308333333333337 0.24074074074074078
0 0.9598958333333333 0.44212962962962965 0.08020833333333334 0.22685185185185186