0 0.04973958333333333 0.7185185185185186 0.09947916666666666 0.4740740740740741
0 0.129015625 0.7305185185185186 0.19683333333333333 0.5389629629629629
0 0.3996302083333333 0.7704444444444446 0.18337499999999995 0.45910185185185187
0 0.572265625 0.7507685185185186 0.19140625 0.49845370370370384
0 0.724828125 0.765814814814815 0.16058854166666664 0.4683611111111112
0 0.9016927083333334 0.7565555555555556 0.19661458333333334 0.4868796296296298
0 0.43196875000000007 0.4801296296296296 0.34570312500000006 0.35532407407407407
0 0.3840052083333333 0.35725 0.24457291666666664 0.2878055555555556
0 0.14551041666666667 0.24112962962962964 0.09830729166666667 0.2962962962962963
0 0.22959895833333333 0.22453703703703703 0.08029687499999998 0.3510833333333334
0 0.69921875 0.29919444444444443 0.11067708333333333 0.34066666666666673
0 0.7750677083333334 0.30188888888888893 0.115234375 0.33217592592592593
0 0.8547083333333333 0.32523148148148145 0.12087499999999997 0.293212962962963
0 0.91384375 0.3331388888888889 0.11545312500000003 0.28356481481481477
0 0.9674479166666666 0.34780555555555553 0.06510416666666667 0.25270370370370376