0 0.08723958333333333 0.7359166666666667 0.17447916666666666 0.3715277777777778
0 0.3005625 0.7553981481481483 0.17144270833333336 0.40354629629629635
0 0.47027083333333336 0.7826018518518519 0.15928645833333335 0.3398888888888888
0 0.6525625 0.7746944444444444 0.22699479166666664 0.2986111111111111
0 0.8545989583333333 0.7125740740740741 0.12326562500000003 0.31326851851851845
0 0.3333333333333333 0.5007685185185186 0.2526041666666667 0.2878055555555555
0 0.23003645833333333 0.37307407407407417 0.07725520833333335 0.25000000000000006
0 0.3841145833333333 0.35185185185185186 0.07291666666666667 0.1936759259259259
0 0.4928385416666667 0.39506481481481487 0.07421875 0.2615740740740741
0 0.726453125 0.44212962962962965 0.13129166666666664 0.24460185185185193
0 0.7996979166666667 0.4334537037037037 0.09939062499999997 0.23881481481481487
0 0.9009322916666667 0.44907407407407407 0.10394791666666663 0.2353425925925926
0 0.9641927083333334 0.4305555555555556 0.07161458333333333 0.18904629629629632