0 0.031468750000000004 0.7164351851851852 0.06293229166666667 0.51775
0 0.13248958333333333 0.7305185185185186 0.216796875 0.5389629629629629
0 0.3260625 0.7397314814814815 0.21853124999999995 0.5205370370370371
0 0.5085729166666667 0.7102592592592593 0.20464583333333336 0.5794722222222224
0 0.673828125 0.695212962962963 0.19791666666666666 0.5331759259259261
0 0.8531927083333334 0.7015833333333333 0.22981770833333334 0.5968333333333332
0 0.95078125 0.6236111111111111 0.0984375 0.3768518518518518
0 0.09266666666666666 0.21257407407407408 0.099390625 0.30169444444444443
0 0.17621354166666667 0.1824814814814815 0.08941145833333332 0.3618796296296296
0 0.34353125 0.18885185185185185 0.09331770833333337 0.3769259259259259
0 0.4494375 0.17824074074074073 0.10329687499999997 0.35648148148148145
0 0.6590729166666667 0.20949074074074073 0.1124114583333333 0.293212962962963
0 0.845703125 0.2447962962962963 0.06380208333333333 0.19020370370370365
0 0.880859375 0.20621296296296296 0.11588541666666667 0.2658148148148148
0 0.939671875 0.19849999999999998 0.10590104166666663 0.2689074074074075