0 0.3422291666666667 0.7368796296296297 0.19488020833333336 0.5262314814814816
0 0.5405833333333334 0.7131574074074074 0.2139739583333333 0.5736851851851851
0 0.6829427083333334 0.7241481481481482 0.17838541666666666 0.5516944444444446
0 0.878796875 0.7137314814814815 0.23415624999999995 0.572527777777778
0 0.9611979166666667 0.6472222222222223 0.07760416666666667 0.34629629629629627
0 0.39453125 0.3680555555555556 0.3502604166666667 0.4274722222222223
0 0.8389739583333333 0.33623148148148146 0.2118072916666667 0.24807407407407414
0 0.11002604166666667 0.1712962962962963 0.10286458333333333 0.3047870370370371
0 0.19379166666666667 0.16531481481481478 0.08290104166666665 0.3229166666666667
0 0.4737395833333334 0.17322222222222222 0.1024322916666667 0.32252777777777775
0 0.6731770833333334 0.1971481481481481 0.11197916666666667 0.35185185185185186
0 0.7434895833333334 0.16937037037037034 0.10677083333333333 0.23611111111111108
0 0.9544270833333334 0.2472962962962963 0.09114583333333333 0.2530833333333334
0 0.8161875 0.13137037037037036 0.09331770833333337 0.12538888888888886