0 0.04253645833333333 0.6921296296296297 0.08506770833333334 0.5015462962962963
0 0.11393229166666667 0.7137314814814815 0.20182291666666666 0.572527777777778
0 0.4211145833333333 0.4444444444444444 0.35524999999999995 0.3626574074074075
0 0.388671875 0.751925925925926 0.19270833333333334 0.496138888888889
0 0.5668385416666666 0.738037037037037 0.19748437500000005 0.5239166666666668
0 0.7177760416666668 0.7542407407407408 0.16731770833333334 0.4915092592592594
0 0.8986979166666667 0.7453703703703703 0.20260416666666667 0.5092592592592593
0 0.128796875 0.2023518518518518 0.09873958333333333 0.3113425925925926
0 0.21647395833333333 0.1875 0.083984375 0.375
0 0.4089635416666667 0.20215740740740742 0.1004791666666667 0.3827129629629629
0 0.49642187500000007 0.20775925925925925 0.1009114583333334 0.349925925925926
0 0.6885833333333333 0.2708333333333333 0.10894270833333337 0.34413888888888894
0 0.765953125 0.26928703703703705 0.111328125 0.3317870370370371
0 0.8484166666666667 0.30188888888888893 0.1278229166666667 0.2974537037037037
0 0.9053802083333333 0.3096111111111111 0.11284895833333337 0.2851111111111112
0 0.962890625 0.33025 0.07421875 0.25925925925925924