0 0.051000000000000004 0.7251203703703704 0.10199479166666667 0.4818703703703702
0 0.12988541666666667 0.7368796296296297 0.19856770833333334 0.5262314814814816
0 0.39746354166666664 0.771601851851852 0.17903645833333334 0.4567870370370371
0 0.56640625 0.7565555555555556 0.17708333333333334 0.4868796296296298
0 0.7290572916666667 0.7681296296296297 0.16384374999999995 0.4637314814814815
0 0.8997395833333334 0.7582962962962964 0.20052083333333334 0.48340740740740734
0 0.4287135416666667 0.4511944444444444 0.34049479166666674 0.41319444444444436
0 0.1439895833333333 0.24711111111111111 0.10438541666666665 0.31057407407407417
0 0.22493749999999998 0.2488425925925926 0.083984375 0.3163611111111112
0 0.416234375 0.2665925925925926 0.09939062499999997 0.3287037037037037
0 0.6959635416666666 0.3013148148148148 0.109375 0.3333333333333333
0 0.7706145833333333 0.3065185185185185 0.10894270833333337 0.2951388888888889
0 0.8525416666666668 0.3281296296296296 0.123046875 0.287425925925926
0 0.9091822916666668 0.33101851851851855 0.11653645833333333 0.2723796296296297