0 0.04969791666666667 0.7135462962962963 0.09939062500000001 0.4957592592592591
0 0.12760416666666666 0.7253055555555556 0.19791666666666666 0.5493796296296297
0 0.4181875 0.7617685185185186 0.2178802083333333 0.4764629629629629
0 0.5853958333333333 0.7449814814814815 0.2176666666666667 0.510027777777778
0 0.744140625 0.7594537037037037 0.1953125 0.4810925925925925
0 0.90234375 0.7513518518518519 0.1953125 0.49729629629629624
0 0.9651041666666667 0.45231481481481484 0.06979166666666667 0.2361111111111111
0 0.433375 0.42669444444444443 0.34982812499999993 0.4151203703703704
0 0.14409895833333333 0.22530555555555556 0.10329687500000002 0.29475
0 0.2299270833333333 0.20910185185185187 0.08094791666666665 0.3595648148148148
0 0.420140625 0.22434259259259257 0.10199479166666663 0.3784722222222222
0 0.7000885416666667 0.28762037037037036 0.1085052083333333 0.3476111111111112
0 0.7803802083333333 0.29321296296296295 0.11545312500000003 0.3472222222222222
0 0.8569895833333334 0.2995740740740741 0.12282812499999997 0.33912037037037035
0 0.9134114583333334 0.30536111111111114 0.10546875 0.3136574074074074
0 0.9694010416666666 0.2959074074074074 0.061197916666666664 0.16743518518518521