0 0.028213541666666668 0.6624259259259259 0.056421875 0.3125
0 0.0921875 0.7439814814814815 0.184375 0.5120370370370371
0 0.3823802083333333 0.49537037037037035 0.34288020833333344 0.3765462962962964
0 0.3545989583333334 0.7843333333333334 0.17795312500000005 0.43132407407407414
0 0.52159375 0.7646574074074075 0.1825104166666667 0.47067592592592594
0 0.6733958333333334 0.7762314814814816 0.15407812499999995 0.4475277777777778
0 0.85775 0.7646574074074075 0.20638020833333334 0.47067592592592594
0 0.9505208333333334 0.7837592592592593 0.09895833333333333 0.4324814814814814
0 0.091796875 0.27025925925925925 0.09244791666666667 0.31057407407407417
0 0.175890625 0.27411111111111114 0.07964583333333332 0.3275462962962963
0 0.26410416666666664 0.28780555555555554 0.08810937499999998 0.3248425925925926
0 0.3655625 0.28664814814814815 0.095703125 0.34104629629629635
0 0.64040625 0.32175925925925924 0.11284895833333337 0.3233055555555556
0 0.7183177083333334 0.32060185185185186 0.10720312499999997 0.3071018518518519
0 0.798609375 0.3381574074074074 0.12066145833333337 0.2935925925925926
0 0.859265625 0.3468333333333333 0.1104583333333333 0.2808611111111112
0 0.9251302083333334 0.3661296296296297 0.09244791666666667 0.24537037037037043
0 0.96875 0.3834907407407408 0.0625 0.21527777777777782