0 0.08880208333333334 0.7759259259259259 0.17760416666666667 0.44814814814814813
0 0.3028645833333333 0.7763888888888889 0.17135416666666667 0.44722222222222224
0 0.4759010416666667 0.8095092592592592 0.15472916666666664 0.38097222222222216
0 0.670359375 0.8089259259259259 0.229796875 0.3821481481481482
0 0.23209895833333333 0.3723518518518518 0.08207291666666666 0.2653518518518518
0 0.33769791666666665 0.5038518518518518 0.2578125 0.27625000000000005
0 0.8972239583333333 0.7820833333333334 0.20555208333333325 0.43583333333333335
0 0.9543437499999999 0.6528703703703704 0.09130729166666664 0.17741666666666658
0 0.38496874999999997 0.3521111111111111 0.07134895833333334 0.206212962962963
0 0.49045833333333333 0.3882962962962963 0.07484895833333335 0.2599074074074075
0 0.7240885416666667 0.4458796296296297 0.12321874999999996 0.2303333333333334
0 0.7997031250000001 0.4384907407407407 0.09717187500000009 0.2342222222222222
0 0.903 0.456 0.1015468749999999 0.22255555555555562
0 0.9661666666666666 0.4521111111111111 0.06766666666666671 0.21476851851851855