0 0.02734375 0.6770833333333334 0.0546875 0.34182407407407417
0 0.09244791666666667 0.7449814814814815 0.18489583333333334 0.510027777777778
0 0.3523229166666667 0.7802870370370371 0.1786041666666667 0.43942592592592583
0 0.5188802083333334 0.7623425925925926 0.18229166666666666 0.4753055555555557
0 0.681421875 0.7710277777777778 0.16363020833333336 0.4579444444444444
0 0.8550364583333334 0.7594537037037037 0.20876562499999995 0.4810925925925925
0 0.38314062500000007 0.476462962962963 0.34049479166666674 0.40817592592592583
0 0.09266666666666666 0.2793240740740741 0.09678645833333333 0.2962962962962963
0 0.17513020833333334 0.26987037037037037 0.07942708333333333 0.3121111111111112
0 0.26356250000000003 0.27122222222222225 0.08702083333333335 0.33564814814814814
0 0.36121875 0.27141666666666664 0.10004166666666663 0.3661296296296297
0 0.6393229166666666 0.31520370370370376 0.11197916666666667 0.34490740740740744
0 0.72103125 0.31925000000000003 0.107421875 0.30439814814814814
0 0.8017604166666668 0.3368055555555556 0.126953125 0.29089814814814824
0 0.85959375 0.34413888888888894 0.11110937499999997 0.28240740740740744