0 0.6349085365853658 0.6908640081799591 0.20680792682926827 0.6182668711656442
0 0.8389237804878049 0.6892893660531697 0.29979573170731705 0.5912576687116564
0 0.40599695121951224 0.6959764826175868 0.16158536585365854 0.6080419222903886
0 0.24390243902439024 0.7061860940695296 0.2764237804878049 0.5876278118609407
0 0.05960365853658536 0.6469836400817995 0.11920731707317073 0.4289366053169734
0 0.40886280487804877 0.12890081799591002 0.07338719512195123 0.2552402862985685
0 0.4762621951219512 0.12043456032719836 0.07447865853658535 0.2408640081799591
0 0.5350609756097561 0.12627811860940696 0.07134146341463414 0.25255623721881393
0 0.6103018292682927 0.12372188139059305 0.07948475609756099 0.2474437627811861
0 0.6871951219512196 0.1306237218813906 0.09146341463414634 0.2612474437627812
0 0.767094512195122 0.14125766871165646 0.09864939024390235 0.2825102249488753
0 0.27798475609756096 0.11459100204498977 0.0899390243902439 0.22918200408997955
0 0.20699085365853656 0.11897750511247444 0.09952134146341465 0.2379550102249489
0 0.128375 0.13944274028629858 0.12783231707317075 0.27888548057259716
0 0.06152134146341463 0.1323159509202454 0.12303963414634146 0.2646319018404908
0 0.031859756097560976 0.12985685071574643 0.06371951219512195 0.25971370143149286
0 0.8644573170731708 0.06268404907975461 0.06377134146341466 0.12366053169734151
0 0.811280487804878 0.05368098159509203 0.04939024390243903 0.10736196319018405
0 0.9659542682926829 0.22039366053169734 0.06808841463414632 0.16641615541922292
0 0.9890243902439024 0.0408997955010225 0.02195121951219512 0.081799591002045
0 0.9333841463414634 0.01763803680981595 0.056402439024390245 0.0352760736196319
0 0.36051829268292684 0.031186094069529654 0.04847560975609756 0.06237218813905931
0 0.45503048780487804 0.023916155419222904 0.041158536585365856 0.04783231083844581
0 0.10213414634146341 0.01369120654396728 0.04166768292682926 0.02397750511247444
0 0.15040548780487806 0.016252556237218812 0.038618902439024376 0.032505112474437624
0 0.49974695121951224 0.026922290388548056 0.03912499999999998 0.05384458077709611
0 0.5847317073170732 0.025429447852760738 0.060722560975609775 0.050858895705521476
0 0.6323689024390244 0.03161554192229039 0.04725609756097561 0.06322597137014316
0 0.7104939024390244 0.036293456032719836 0.041920731707317076 0.07258691206543967