0 0.06389843749999999 0.7896805555555556 0.1277890625 0.42063888888888884
0 0.408203125 0.723625 0.4079218749999999 0.4075833333333334
0 0.8130546875 0.7181805555555556 0.37388281250000005 0.4284166666666667
0 0.11104687499999999 0.11919444444444444 0.1261171875 0.23838888888888887
0 0.3568671875 0.3856805555555555 0.298546875 0.3189861111111111
0 0.6026796875 0.21794444444444444 0.19196093750000004 0.2731944444444444
0 0.24358593750000002 0.193625 0.09877343749999998 0.2324861111111111
0 0.621375 0.13259722222222223 0.17578125 0.26519444444444445
0 0.3853203125 0.09040277777777778 0.17689843749999995 0.18080555555555555
0 0.3970390625 0.16633333333333336 0.18471093749999995 0.24140277777777777
0 0.8602109375 0.08444444444444445 0.1579218749999999 0.1688888888888889
0 0.91796875 0.1092638888888889 0.1640625 0.2185277777777778