0 0.3412421875 0.2715555555555556 0.09765625 0.36058333333333337
0 0.1995 0.814486111111111 0.20257031249999996 0.37102777777777785
0 0.41546093749999996 0.7995972222222223 0.21260937499999993 0.4007916666666666
0 0.5806328125 0.7896805555555556 0.18359375 0.42063888888888884
0 0.838671875 0.7972222222222223 0.32265625 0.40555555555555556
0 0.19196093750000004 0.24529166666666669 0.10937500000000003 0.33183333333333326
0 0.04140625 0.2951388888888889 0.0828125 0.3902777777777778
0 0.099609375 0.2641527777777778 0.12555468750000004 0.35765277777777776
0 0.42466406250000005 0.25570833333333337 0.09598437499999997 0.34872222222222227
0 0.49664843750000004 0.2562083333333333 0.08928906249999997 0.34177777777777774
0 0.66796875 0.2636527777777778 0.10602343750000003 0.3526944444444444
0 0.7547421875 0.27605555555555555 0.09877343750000005 0.3497222222222222
0 0.9422421875 0.08597222222222221 0.06752343749999987 0.17193055555555556
0 0.8563046875 0.1475138888888889 0.0719843749999999 0.2553472222222222
0 0.2826484375 0.10383333333333335 0.06528906250000004 0.2076666666666667
0 0.038671875 0.08263888888888889 0.07734375 0.16527777777777777
0 0.1043515625 0.08894444444444445 0.08147656250000002 0.1778888888888889
0 0.3431953125 0.10134722222222223 0.05692187500000001 0.19080555555555556
0 0.3998359375 0.098375 0.049664062500000036 0.18484722222222222
0 0.54296875 0.10138888888888889 0.0734375 0.20277777777777778
0 0.598046875 0.10277777777777777 0.05859375 0.20555555555555555