0 0.490515625 0.7708333333333334 0.1796875 0.4583333333333333
0 0.1651796875 0.6362916666666667 0.330359375 0.40949999999999986
0 0.4794921875 0.38433333333333336 0.11010937500000004 0.4427083333333333
0 0.8413125000000001 0.694875 0.3125 0.3875833333333334
0 0.2055703125 0.3821666666666667 0.298828125 0.3769583333333333
0 0.7934609374999999 0.43163888888888885 0.27807812499999995 0.3450555555555556
0 0.0772109375 0.08233333333333334 0.1507578125 0.15880555555555556
0 0.466796875 0.15397222222222223 0.06396875000000009 0.20865277777777777
0 0.127453125 0.06413888888888888 0.089015625 0.12568055555555555
0 0.0323515625 0.2144722222222222 0.06232031249999999 0.1499444444444444
0 0.04796875 0.131125 0.0959375 0.156125
0 0.16764062500000002 0.043305555555555555 0.05594531250000001 0.08661111111111111
0 0.2231796875 0.2710138888888889 0.2470703125 0.3214444444444445
0 0.7710234375 0.3417916666666667 0.25319531249999994 0.2305555555555556
0 0.7228359375 0.2673333333333333 0.2352265625 0.2835555555555556
0 0.9430390624999999 0.141875 0.11392187500000013 0.18836111111111112
0 0.98475 0.22556944444444443 0.03049999999999997 0.1999583333333333
0 0.9232890625 0.08684722222222223 0.1534218750000001 0.17369444444444446
0 0.86015625 0.052083333333333336 0.125 0.10416666666666667
0 0.8850546874999999 0.9084027777777777 0.22989062500000007 0.18319444444444458
0 0.7208828125 0.17006944444444444 0.1934453125000001 0.23661111111111113
0 0.6748125 0.11950000000000002 0.17306249999999998 0.23404166666666665
0 0.6357734374999999 0.10481944444444444 0.13657031249999996 0.18651388888888892
0 0.6213046875 0.06802777777777778 0.12311718749999993 0.1338888888888889
0 0.6152890625 0.035388888888888886 0.12984375000000004 0.07077777777777777
0 0.2674375 0.22425 0.21851562499999994 0.2397916666666667
0 0.3045390625 0.13131944444444443 0.18264062499999997 0.24794444444444447
0 0.27253125 0.08022222222222221 0.12026562499999996 0.15391666666666665
0 0.31228125 0.08566666666666665 0.15084375000000003 0.151
0 0.329296875 0.06180555555555556 0.13828125 0.12361111111111112
0 0.4369296875 0.042124999999999996 0.03322656249999998 0.08424999999999999
0 0.39361718749999997 0.03958333333333333 0.03710156249999996 0.07916666666666666