0 0.1688046875 0.6541388888888889 0.337609375 0.3936666666666667
0 0.49692968750000005 0.7797638888888888 0.20257031249999996 0.44047222222222226
0 0.486328125 0.41298611111111116 0.1155156250000001 0.4013888888888889
0 0.47014843749999996 0.17526388888888889 0.07198437500000007 0.21163888888888888
0 0.205078125 0.38569444444444445 0.31194531249999996 0.3785277777777779
0 0.2332578125 0.2775 0.24553906250000007 0.30897222222222226
0 0.2700859375 0.226875 0.220984375 0.25336111111111115
0 0.845703125 0.6819444444444445 0.30859375 0.4083333333333333
0 0.8973203125 0.9176666666666667 0.2053593750000001 0.1646666666666666
0 0.8049687499999999 0.458125 0.29408593749999995 0.30911111111111106
0 0.7776249999999999 0.3653194444444444 0.25836718749999993 0.23063888888888887
0 0.7198671875 0.28888888888888886 0.21428906250000007 0.2742777777777778
0 0.7276796875 0.16980555555555557 0.19642968750000006 0.18880555555555556
0 0.6749453125 0.13604166666666664 0.17132031249999996 0.2185972222222222
0 0.3113828125 0.14894444444444443 0.18080468749999995 0.2463888888888889
0 0.2787109375 0.08623611111111111 0.133984375 0.14055555555555554
0 0.3189453125 0.09597222222222221 0.147265625 0.1586111111111111
0 0.03359375 0.20679166666666665 0.0671875 0.18438888888888888
0 0.0505859375 0.13177777777777777 0.101171875 0.14131944444444444
0 0.077734375 0.08454166666666667 0.15546875 0.16906944444444444
0 0.08671875 0.06543055555555556 0.1734375 0.13084722222222223
0 0.441015625 0.04977777777777778 0.03671875 0.09955555555555556
0 0.6427265625 0.10919444444444446 0.14639062500000008 0.21006944444444445
0 0.333203125 0.06875 0.14140625 0.1375