0 0.1578125 0.70625 0.315625 0.5875
0 0.42940625 0.6954305555555556 0.21372656249999994 0.609125
0 0.59346875 0.6875 0.20703125 0.625
0 0.8071953125 0.702375 0.2795781250000001 0.5952361111111112
0 0.35630468749999994 0.13259722222222223 0.08984374999999996 0.26519444444444445
0 0.1883359375 0.10380555555555555 0.10658593749999998 0.2076111111111111
0 0.0971015625 0.10727777777777778 0.11383593750000001 0.21455555555555555
0 0.4416875 0.11770833333333333 0.07533593750000005 0.2354027777777778
0 0.51015625 0.12152777777777778 0.0796875 0.24305555555555555
0 0.685828125 0.128625 0.13504687499999993 0.25725
0 0.7770625 0.13855555555555557 0.10323437500000007 0.27711111111111114