0 0.072265625 0.78125 0.14453125 0.4375
0 0.4333125 0.7524166666666667 0.41350781249999996 0.46119444444444435
0 0.830078125 0.7791666666666667 0.33984375 0.44166666666666665
0 0.1710390625 0.1132361111111111 0.12555468750000004 0.19868055555555558
0 0.28878125 0.21495833333333333 0.09096093750000005 0.23548611111111112
0 0.39090625 0.326625 0.23939843750000006 0.2961111111111111
0 0.6484375 0.24425000000000002 0.2053593750000001 0.27025000000000005
0 0.46596093749999995 0.07252777777777777 0.13950781249999994 0.14505555555555555
0 0.4333125 0.09784722222222222 0.16127343750000006 0.19569444444444445
0 0.9196406250000001 0.10827777777777776 0.16071093750000004 0.21654166666666666
0 0.6489921875 0.10380555555555555 0.16852343750000004 0.19569444444444445