0 0.109375 0.8003611111111111 0.20982031249999994 0.3991666666666667
0 0.404796875 0.5711666666666667 0.32075781249999996 0.3717083333333334
0 0.42164843750000003 0.48006944444444444 0.240625 0.18554166666666672
0 0.84765625 0.8607083333333334 0.3046875 0.27858333333333324
0 0.8147343749999999 0.5415972222222222 0.3616093750000001 0.3324027777777778
0 0.6965390625000001 0.4141944444444445 0.29263281249999995 0.22837500000000005
0 0.088671875 0.4361111111111111 0.17734375 0.16111111111111112
0 0.084375 0.3179444444444445 0.16875 0.1668333333333334
0 0.2603828125 0.19847222222222222 0.12567187500000002 0.19299999999999998
0 0.3705390625 0.37727777777777777 0.19642968749999995 0.22918055555555555
0 0.6925234375 0.2544444444444444 0.20647656249999996 0.2303194444444445
0 0.6659609375 0.23120833333333332 0.14664843750000003 0.060847222222222226
0 0.43414843750000004 0.3209166666666667 0.18973437500000007 0.2085138888888889
0 0.46205468749999995 0.2861944444444445 0.16517968750000006 0.1827083333333334
0 0.9116250000000001 0.3049027777777778 0.16809374999999988 0.3222638888888889
0 0.61865625 0.149625 0.12170312499999998 0.19129166666666667
0 0.335203125 0.09722222222222222 0.06421093749999995 0.1570138888888889
0 0.456546875 0.15375 0.15381249999999996 0.21559722222222222
0 0.8779296875 0.12011111111111111 0.13793749999999996 0.1650416666666667
0 0.1199921875 0.19879166666666667 0.11047656250000001 0.13248611111111108
0 0.0636015625 0.21843055555555557 0.09588281250000001 0.14594444444444443
0 0.359375 0.03981944444444445 0.05707031249999996 0.0796388888888889
0 0.412109375 0.23241666666666666 0.10632031249999999 0.13954166666666665
0 0.45629687499999994 0.04702777777777778 0.08081250000000004 0.09404166666666668
0 0.25390625 0.07536111111111111 0.07946875000000002 0.1309722222222222
0 0.591796875 0.22569444444444445 0.06427343749999999 0.1737222222222222
0 0.6098671875 0.06813888888888889 0.08801562500000007 0.11284722222222222
0 0.7543984375000001 0.07900000000000001 0.09283593750000003 0.1512638888888889
0 0.024609375 0.42986111111111114 0.04921875 0.1736111111111111
0 0.8540078125000001 0.050458333333333334 0.13989062499999996 0.09906944444444446
0 0.9586640624999999 0.1890138888888889 0.08267187500000013 0.13151388888888887
0 0.5830078125 0.13683333333333333 0.056640625 0.1309722222222222
0 0.505859375 0.07411111111111111 0.0634765625 0.12955555555555556
0 0.5634765625 0.0645138888888889 0.045960937499999945 0.11663888888888888
0 0.954296875 0.058333333333333334 0.09140625 0.10833333333333334
0 0.1716328125 0.16308333333333333 0.07849218750000002 0.1014583333333333
0 0.0249921875 0.2962222222222222 0.04959375 0.10900000000000003
0 0.280515625 0.03420833333333333 0.05450781249999999 0.06168055555555555
0 0.22717187499999997 0.18641666666666667 0.054203125 0.10758333333333331
0 0.4248046875 0.03848611111111111 0.03656249999999996 0.07524999999999998
0 0.2502421875 0.03643055555555555 0.048585937499999954 0.06673611111111111
0 0.6118203125 0.019916666666666666 0.04903906249999999 0.03983333333333333
0 0.5244140625 0.040388888888888884 0.03656249999999996 0.07373611111111111
0 0.47436718750000006 0.019375 0.046632812500000044 0.03875
0 0.19641406250000001 0.07454166666666667 0.036835937500000006 0.06412499999999999
0 0.702640625 0.03173611111111111 0.056546874999999906 0.06076388888888889
0 0.900390625 0.22677777777777777 0.0628046874999999 0.13629166666666667
0 0.9013359375000001 0.3107638888888889 0.17053906249999998 0.2919583333333334