0 0.2073125 0.8353194444444444 0.18247656249999997 0.32936111111111116
0 0.439734375 0.8134861111111111 0.1796875 0.3730138888888888
0 0.5890625 0.7972222222222223 0.1984375 0.40555555555555556
0 0.8409609375 0.7797638888888888 0.3180781249999999 0.44047222222222226
0 0.2048828125 0.28355555555555556 0.112890625 0.32543055555555556
0 0.1181640625 0.29536111111111113 0.122265625 0.3462777777777778
0 0.0486328125 0.3481666666666667 0.097265625 0.3518888888888889
0 0.3587890625 0.3012638888888889 0.084765625 0.3386666666666666
0 0.433203125 0.2845972222222222 0.08515625 0.3358611111111111
0 0.5025390625 0.28841666666666665 0.086328125 0.3546111111111111
0 0.6763671875 0.29086111111111107 0.121484375 0.35672222222222216
0 0.7666015625 0.307875 0.105078125 0.35186111111111107
0 0.909375 0.3394583333333333 0.1171875 0.20391666666666666
0 0.866796875 0.16995833333333335 0.06484375 0.2399027777777778
0 0.810546875 0.15952777777777777 0.05390625 0.22461111111111112
0 0.610546875 0.12166666666666666 0.06796875 0.2072222222222222
0 0.5470703125 0.12131944444444444 0.069140625 0.20652777777777775
0 0.2962890625 0.145625 0.064453125 0.1995833333333333
0 0.3587890625 0.12061111111111111 0.064453125 0.19401388888888887
0 0.408203125 0.12756944444444443 0.05859375 0.21069444444444443
0 0.4578125 0.120625 0.05625 0.21345833333333333
0 0.4951171875 0.089 0.038671875 0.16133333333333333
0 0.218359375 0.11331944444444444 0.06796875 0.19330555555555556
0 0.258203125 0.07569444444444444 0.05078125 0.15138888888888888
0 0.1603515625 0.10984722222222222 0.064453125 0.20302777777777778
0 0.116015625 0.10915277777777778 0.07421875 0.19886111111111113
0 0.0583984375 0.11402777777777777 0.088671875 0.2224861111111111
0 0.021875 0.10833333333333334 0.04375 0.21666666666666667
0 0.9537109375 0.08208333333333334 0.069921875 0.1613888888888889