0 0.155859375 0.42777777777777776 0.31171875 0.31666666666666665
0 0.201171875 0.7995972222222223 0.14788281249999996 0.4007916666666666
0 0.36953125 0.7902777777777777 0.1546875 0.41944444444444445
0 0.544640625 0.7867083333333332 0.16964062500000007 0.42658333333333337
0 0.6596015625 0.7579305555555556 0.19196093750000004 0.4841249999999999
0 0.8113828125 0.7708333333333334 0.25892968749999995 0.4583333333333333
0 0.9028984375 0.7559027777777778 0.19419531250000013 0.48005555555555546
0 0.48716406250000005 0.4268611111111111 0.2578125 0.28229166666666666
0 0.205359375 0.25963888888888886 0.11607031249999997 0.28911111111111104
0 0.303015625 0.2537083333333333 0.12611718750000006 0.40026388888888886
0 0.40875781250000004 0.2263888888888889 0.08091406249999995 0.32183333333333336
0 0.48186718749999996 0.2283888888888889 0.09319531249999997 0.349625
0 0.5650078125 0.22540277777777776 0.10100781249999997 0.3476388888888889
0 0.2918515625 0.06558333333333333 0.06361718749999996 0.13116666666666665
0 0.3540703125 0.06558333333333333 0.049664062500000036 0.13116666666666665
0 0.40680468750000004 0.06111111111111111 0.05245312500000003 0.12222222222222222
0 0.449609375 0.058333333333333334 0.04296875 0.11666666666666667
0 0.5064140625 0.06558333333333333 0.06864062499999993 0.13116666666666665
0 0.6141171875 0.2000972222222222 0.10770312499999993 0.32876388888888897
0 0.6685234375 0.18420833333333334 0.1116093750000001 0.3168472222222222
0 0.7513984375 0.21597222222222223 0.11216406250000004 0.32480555555555557
0 0.8024531250000001 0.22093055555555555 0.13616406249999996 0.32281944444444444