0 0.224609375 0.4104861111111111 0.27734375 0.31305555555555553
0 0.5438046875 0.4268611111111111 0.2639531249999999 0.3100833333333333
0 0.185828125 0.7896805555555556 0.271203125 0.42063888888888884
0 0.426171875 0.7951388888888888 0.19765625 0.4097222222222222
0 0.580359375 0.7926527777777779 0.18973437499999993 0.41468055555555544
0 0.71065625 0.7777777777777778 0.21596093750000006 0.4444444444444444
0 0.8643984375 0.7986111111111112 0.2712031249999999 0.4027777777777778
0 0.9308046875 0.7752222222222221 0.1383906249999999 0.3520416666666667
0 0.4662265625 0.26608333333333334 0.07533593750000005 0.28613888888888894
0 0.2826328125 0.2645972222222222 0.10100781249999997 0.26727777777777784
0 0.3671796875 0.26908333333333334 0.10714062499999995 0.3834027777777777
0 0.5407265625 0.25963888888888886 0.09710156249999997 0.3169027777777777
0 0.6247109375 0.26708333333333334 0.09542187500000007 0.3437083333333334
0 0.6780078125 0.2556805555555556 0.11272656249999997 0.3446805555555556
0 0.7318515624999999 0.24625000000000002 0.09989062499999993 0.3337638888888889
0 0.8200234375000001 0.261625 0.1266718749999999 0.34072222222222215
0 0.8786171875000001 0.2675833333333334 0.1501093749999999 0.32484722222222223
0 0.3668984375 0.0745138888888889 0.061945312499999974 0.1490277777777778
0 0.423046875 0.08680555555555555 0.05234375 0.1736111111111111
0 0.47348437499999996 0.08643055555555555 0.05635937500000008 0.1728611111111111
0 0.5198046875 0.08147222222222222 0.046320312499999974 0.16293055555555555
0 0.5722578125 0.09238888888888888 0.05301562499999992 0.18477777777777776
0 0.65903125 0.09983333333333333 0.0859375 0.1877638888888889
0 0.9313515625000001 0.261625 0.12164843750000003 0.2811805555555556