0 0.0731328125 0.7847222222222222 0.146265625 0.4305555555555556
0 0.431640625 0.7645833333333333 0.41015625 0.4708333333333333
0 0.8268203125 0.7816388888888889 0.34635156249999993 0.4367222222222223
0 0.610890625 0.45358333333333334 0.3120625 0.3130972222222222
0 0.38411718749999996 0.32972222222222225 0.24392187499999998 0.255125
0 0.1710078125 0.12477777777777778 0.11197656250000003 0.2094166666666667
0 0.290796875 0.22708333333333333 0.09028124999999995 0.2627916666666667
0 0.6551640625 0.22899999999999998 0.21137499999999995 0.2604583333333333
0 0.41384375 0.24366666666666667 0.1888046875 0.25893055555555555
0 0.97265625 0.32834722222222223 0.0546875 0.20944444444444446
0 0.953515625 0.24844444444444444 0.09296875 0.19688888888888886
0 0.946484375 0.184875 0.10703125 0.16141666666666668
0 0.918359375 0.10845833333333334 0.16328125 0.21418055555555554
0 0.898828125 0.08622222222222221 0.165625 0.17244444444444443
0 0.659375 0.12305555555555554 0.2 0.18220833333333333
0 0.44140625 0.19079166666666666 0.175 0.2260277777777778
0 0.43515625 0.10290277777777779 0.16875 0.18636111111111112
0 0.466796875 0.07545833333333334 0.13203125 0.15090277777777777
0 0.270703125 0.04244444444444444 0.05859375 0.084875
0 0.8533203125 0.06747222222222223 0.120703125 0.13493055555555555
0 0.6505859375 0.09491666666666668 0.152734375 0.1842777777777778