0 0.043359375 0.13194444444444445 0.08671875 0.2638888888888889
0 0.1163515625 0.10430555555555555 0.10992968750000003 0.2085972222222222
0 0.19921875 0.09930555555555555 0.090625 0.1986111111111111
0 0.3677421875 0.12763888888888889 0.07254687500000001 0.2552638888888889
0 0.45257031249999996 0.10629166666666667 0.06585156249999997 0.21256944444444445
0 0.5186953125 0.11373611111111111 0.06864062499999993 0.22747222222222221
0 0.6983828125 0.11423611111111111 0.10658593750000005 0.22845833333333335
0 0.7921328124999999 0.12465277777777778 0.09765624999999992 0.24930555555555556
0 0.1609921875 0.7132916666666668 0.321984375 0.5734166666666666
0 0.43638281250000005 0.702375 0.21205468750000006 0.5952361111111112
0 0.6023984375 0.6894861111111111 0.20257031249999996 0.6210277777777777
0 0.841015625 0.6951388888888889 0.30546875 0.6097222222222223
0 0.9188046875 0.019444444444444445 0.049664062500000127 0.03887499999999999