0 0.224890625 0.8244027777777778 0.181921875 0.35119444444444436
0 0.44475781249999996 0.8065416666666667 0.19977343750000004 0.3869027777777777
0 0.6001640625 0.7876944444444445 0.17578125 0.4245972222222223
0 0.8487734375 0.796625 0.3024531249999999 0.40674999999999994
0 0.0453125 0.3104166666666667 0.090625 0.39305555555555555
0 0.11885937499999999 0.29793055555555553 0.1238828125 0.32205555555555554
0 0.20340625 0.2686527777777778 0.10100781249999997 0.3309722222222223
0 0.357703125 0.2959583333333333 0.09039843750000003 0.36969444444444444
0 0.43499218749999996 0.273125 0.08872656249999995 0.3399027777777777
0 0.5021718749999999 0.2788055555555556 0.0859375 0.35081944444444446
0 0.68403125 0.27609722222222227 0.10764062499999998 0.3515694444444445
0 0.7684453124999999 0.29925 0.10286718749999997 0.3515972222222223
0 0.8624140625000001 0.1479305555555556 0.07204687499999984 0.22334722222222222
0 0.8901875 0.08384722222222221 0.0633671875000001 0.1522777777777778
0 0.6085078125 0.10972222222222222 0.06596875000000005 0.21944444444444444
0 0.29253125 0.12169444444444445 0.06596874999999995 0.2217777777777778
0 0.045703125 0.09930555555555555 0.08984375 0.1986111111111111
0 0.8064218750000001 0.14444444444444443 0.060765625000000066 0.21790277777777775
0 0.751953125 0.15138888888888888 0.06467187499999998 0.18393055555555557
0 0.6920546875 0.11395833333333331 0.061195312499999946 0.21865277777777778
0 0.6467031249999999 0.1062361111111111 0.05903124999999996 0.2124722222222222
0 0.5466562500000001 0.10430555555555555 0.06900781249999995 0.2086111111111111
0 0.40625 0.10661111111111111 0.055554687499999963 0.20706944444444444
0 0.353515625 0.10276388888888888 0.06293749999999995 0.20551388888888888
0 0.2545546875 0.06376388888888888 0.06987499999999995 0.12752777777777777
0 0.1102421875 0.0900138888888889 0.078125 0.1800277777777778
0 0.14865625 0.098125 0.07161718750000001 0.19625
0 0.2109375 0.09966666666666667 0.07985937500000002 0.19933333333333333
0 0.45659375 0.11434722222222223 0.05555468749999992 0.22868055555555555
0 0.50078125 0.10694444444444444 0.053125 0.21388888888888888