0 0.8016171875 0.5946111111111111 0.3454218749999999 0.31812499999999994
0 0.10859375 0.4701388888888889 0.2171875 0.4236111111111111
0 0.09808593749999998 0.8064305555555555 0.1931171875 0.37130555555555544
0 0.38071874999999994 0.5779305555555556 0.2751796875 0.32633333333333336
0 0.265484375 0.20508333333333334 0.1055625 0.19845833333333332
0 0.6869453125 0.40902777777777777 0.283234375 0.29288888888888887
0 0.41294531250000005 0.48143055555555553 0.23549218750000006 0.2942916666666667
0 0.842578125 0.8173611111111111 0.31484375 0.36527777777777776
0 0.3627265625 0.3638194444444444 0.166296875 0.1998472222222222
0 0.6888984375 0.31170833333333337 0.2014531250000001 0.2186805555555555
0 0.43303906249999996 0.3558888888888889 0.18080468750000006 0.23359722222222226
0 0.9098750000000001 0.3797222222222222 0.18024218750000004 0.33087500000000003
0 0.4650625 0.31348611111111113 0.16102343750000006 0.20413888888888884
0 0.6746953125 0.23397222222222222 0.16883593749999992 0.19018055555555557
0 0.0798359375 0.321875 0.159671875 0.2270972222222222
0 0.6350078124999999 0.24502777777777776 0.15282812499999993 0.20879166666666665
0 0.4423828125 0.23544444444444446 0.16015625 0.10976388888888892
0 0.452640625 0.19591666666666668 0.1494140625 0.1749027777777778
0 0.3720703125 0.20202777777777778 0.052734375 0.18876388888888893
0 0.4783359375 0.18320833333333333 0.1328125 0.19476388888888885
0 0.3480078125 0.12322222222222222 0.055398437499999974 0.16058333333333333
0 0.30025 0.12258333333333334 0.04793750000000001 0.11890277777777776
0 0.7611875 0.133 0.06356249999999992 0.16499999999999998
0 0.389203125 0.042041666666666665 0.03409374999999999 0.08408333333333333