0 0.3549140625 0.3861666666666667 0.22544531250000005 0.27233333333333337
0 0.640625 0.4511805555555556 0.25669531249999994 0.2753611111111111
0 0.1219296875 0.7569444444444444 0.243859375 0.4861111111111111
0 0.3035703125 0.7688472222222222 0.216515625 0.46230555555555547
0 0.4765625 0.7807499999999999 0.13169531249999994 0.4384861111111112
0 0.6208125 0.7896805555555556 0.16127343750000006 0.42063888888888884
0 0.7631171875 0.7867083333333332 0.18694531249999996 0.42658333333333337
0 0.9040156250000001 0.8244027777777778 0.19196093750000004 0.35119444444444436
0 0.40625 0.25713888888888886 0.08928906249999997 0.2285694444444444
0 0.48492968750000004 0.2551805555555555 0.09710156249999997 0.3476666666666667
0 0.5691953125 0.261125 0.08482031249999995 0.31194444444444447
0 0.6495546875 0.2586527777777778 0.09598437499999993 0.31888888888888883
0 0.7357734375 0.2730555555555555 0.1032343749999999 0.3675277777777778
0 0.7943671875 0.2412777777777778 0.10882031249999997 0.33575000000000005
0 0.8568671875 0.24476388888888886 0.11774218750000003 0.35459722222222223
0 0.9484375 0.26805555555555555 0.103125 0.35833333333333334
0 0.494421875 0.06905555555555555 0.05357031249999995 0.1381111111111111
0 0.5535703125 0.0745138888888889 0.051335937500000026 0.1490277777777778
0 0.599609375 0.07154166666666667 0.05635937500000008 0.14306944444444444
0 0.6470390625 0.07551388888888888 0.04854687500000008 0.1510138888888889
0 0.70390625 0.08541666666666667 0.0609375 0.17083333333333334
0 0.8010624999999999 0.08444444444444445 0.10211718750000003 0.1688888888888889
0 0.8546328125 0.08990277777777779 0.08872656250000013 0.17980555555555558