0 0.05703125 0.7868055555555555 0.1140625 0.4236111111111111
0 0.40374218749999996 0.7246250000000001 0.41015625 0.4294166666666668
0 0.814453125 0.74375 0.37109375 0.4652777777777778
0 0.111328125 0.11670833333333333 0.1512265625 0.2215138888888889
0 0.3565859375 0.4248888888888889 0.29575781250000005 0.30611111111111106
0 0.603234375 0.23630555555555555 0.2109375 0.2424444444444444
0 0.2488828125 0.20305555555555554 0.09151562499999999 0.25136111111111115
0 0.347375 0.2507083333333333 0.23492968750000004 0.27918055555555554
0 0.6065859375 0.09833333333333331 0.15625 0.17683333333333331
0 0.8657890625 0.11026388888888888 0.1623906250000001 0.2205138888888889
0 0.9185234375 0.13655555555555554 0.16294531250000013 0.2334444444444445
0 0.39453125 0.08990277777777779 0.1640625 0.17980555555555558
0 0.425 0.07569444444444444 0.146875 0.15138888888888888