0 0.571984375 0.7311527777777778 0.25111718750000006 0.5376944444444445
0 0.8094296875 0.3757638888888889 0.14117968750000004 0.3308888888888889
0 0.91015625 0.4323333333333333 0.1796875 0.34879166666666667
0 0.46372656250000005 0.5435 0.25557812500000004 0.38461111111111107
0 0.104296875 0.8388888888888889 0.20859375 0.32222222222222224
0 0.09905468749999999 0.6462083333333333 0.1981015625 0.3400277777777777
0 0.3275703125 0.45168055555555553 0.271203125 0.34384722222222225
0 0.5011171875 0.29088888888888886 0.14508593750000004 0.2682916666666666
0 0.3094296875 0.29933333333333334 0.196984375 0.2534166666666666
0 0.0765625 0.45 0.153125 0.2972222222222222
0 0.0811953125 0.3658194444444444 0.162390625 0.25941666666666663
0 0.638953125 0.21794444444444444 0.13950781249999994 0.24541666666666664
0 0.5906796875 0.1787361111111111 0.10992968750000003 0.20270833333333332
0 0.3392890625 0.10131944444444446 0.08928906249999997 0.16691666666666669
0 0.9313593750000001 0.2119861111111111 0.0993281249999999 0.20570833333333335
0 0.8607734375 0.160375 0.10992968750000003 0.19772222222222224
0 0.24944531250000002 0.2625972222222222 0.161828125 0.24345833333333328
0 0.5357109375 0.15341666666666667 0.11383593750000003 0.1639861111111111
0 0.5008359375 0.12115277777777779 0.13895312499999993 0.19276388888888887
0 0.7700859375 0.11570833333333333 0.09821093750000003 0.1838055555555556