0 0.07561718749999999 0.8000416666666667 0.1512265625 0.3937361111111111
0 0.3624453125 0.5941111111111111 0.28627343749999995 0.37670833333333337
0 0.3970390625 0.5008055555555555 0.251671875 0.29525000000000007
0 0.8097109375 0.6878888888888889 0.3805781249999999 0.3241805555555556
0 0.07366406249999999 0.36927777777777776 0.1473203125 0.16712500000000002
0 0.074609375 0.24583333333333332 0.14921875 0.23055555555555557
0 0.2622734375 0.16731944444444444 0.10714062499999999 0.1639861111111111
0 0.693640625 0.4705416666666667 0.29575781249999994 0.31012499999999993
0 0.9129453125 0.4670694444444445 0.1741093750000001 0.3508055555555556
0 0.36272656250000007 0.40205555555555555 0.18303906250000002 0.2802916666666666
0 0.431359375 0.3618472222222222 0.18638281249999994 0.24751388888888895
0 0.69140625 0.36433333333333334 0.21986718749999995 0.22865277777777776
0 0.6821953125 0.29486111111111113 0.20367968750000004 0.22462500000000002
0 0.3094296875 0.08543055555555555 0.049664062500000036 0.14308333333333334
0 0.4140625 0.12662500000000002 0.11830468750000005 0.15006944444444442
0 0.7767890625 0.15640277777777778 0.06919531250000004 0.18581944444444443