0 0.019921875 0.5416666666666666 0.03984375 0.30833333333333335
0 0.167578125 0.7034722222222223 0.33515625 0.5902777777777778
0 0.43833593750000005 0.7093194444444444 0.22489062499999996 0.5813472222222222
0 0.6023984375 0.703375 0.18917187500000007 0.5932499999999999
0 0.849609375 0.7222222222222222 0.30078125 0.5555555555555556
0 0.061664062500000005 0.10430555555555555 0.12332812500000001 0.2085972222222222
0 0.16015625 0.08194444444444444 0.103125 0.1638888888888889
0 0.2433046875 0.08394444444444445 0.08482031250000004 0.1678888888888889
0 0.3998359375 0.11919444444444444 0.07198437499999999 0.23838888888888887
0 0.49553906249999996 0.10430555555555555 0.058039062499999974 0.2085972222222222
0 0.55390625 0.11805555555555555 0.0640625 0.2361111111111111
0 0.63828125 0.12152777777777778 0.1015625 0.24305555555555555
0 0.744421875 0.13706944444444444 0.109375 0.274125
0 0.8409609375 0.15444444444444444 0.1037968750000001 0.30887499999999996
0 0.91015625 0.03680555555555556 0.0671875 0.07361111111111111
0 0.969921875 0.052083333333333336 0.05859375 0.10416666666666667