0 0.0203671875 0.6412083333333334 0.040734375 0.1871944444444445
0 0.0703125 0.7881944444444444 0.140625 0.4236111111111111
0 0.43610156250000004 0.7583749999999999 0.4034609374999999 0.4492916666666667
0 0.828125 0.78125 0.34375 0.4375
0 0.4506015625 0.3981944444444444 0.29854687499999993 0.4551249999999999
0 0.9704921875 0.32912500000000006 0.059015624999999974 0.18679166666666672
0 0.9544140625 0.24416666666666667 0.09117187499999986 0.18784722222222222
0 0.945875 0.1890416666666667 0.10824218750000014 0.1453888888888889
0 0.912890625 0.10972222222222222 0.17265625 0.21944444444444444
0 0.8978046875000001 0.08823611111111111 0.17200781250000005 0.17647222222222222
0 0.858984375 0.06319444444444444 0.14296875 0.12638888888888888
0 0.7849921875 0.04584722222222222 0.03531249999999995 0.09169444444444444
0 0.7606015625 0.028680555555555553 0.031671874999999974 0.057361111111111106
0 0.644578125 0.24588888888888888 0.22404687499999998 0.23094444444444448
0 0.16971875 0.12323611111111113 0.11521093750000003 0.20504166666666665
0 0.2720078125 0.042444444444444444 0.045320312499999994 0.08488888888888889
0 0.28893749999999996 0.22725 0.08645312499999998 0.26294444444444437
0 0.39158593750000004 0.2926111111111111 0.23642968750000004 0.2669583333333334
0 0.41525 0.22486111111111112 0.1861953125 0.21416666666666664
0 0.6615 0.12726388888888887 0.18073437499999995 0.1936944444444445
0 0.6500390625 0.1088611111111111 0.15197656249999997 0.19312500000000002
0 0.44164062499999995 0.19552777777777777 0.17053906249999998 0.22543055555555555
0 0.43326562500000004 0.09508333333333333 0.15961718749999995 0.19015277777777778
0 0.46384375 0.07402777777777778 0.13414062500000004 0.14805555555555555
0 0.40178125 0.03209722222222222 0.08936718750000003 0.06418055555555556
0 0.63575 0.062208333333333324 0.14087499999999994 0.12440277777777776
0 0.617640625 0.03759722222222222 0.10720312500000002 0.07518055555555557
0 0.060546875 0.07361111111111111 0.12109375 0.14722222222222223
0 0.0141328125 0.21079166666666668 0.028265625 0.1664027777777778