0 0.04325 0.1316111111111111 0.08649218750000001 0.2632083333333333
0 0.12164843750000001 0.10033333333333333 0.11383593749999998 0.20065277777777776
0 0.20390625 0.10069444444444445 0.0953125 0.2013888888888889
0 0.371875 0.13541666666666666 0.0796875 0.2708333333333333
0 0.46065625 0.11572222222222221 0.055242187500000026 0.23143055555555556
0 0.5245546875 0.12515277777777778 0.07589062500000007 0.25030555555555556
0 0.70625 0.12986111111111112 0.1078125 0.25972222222222224
0 0.7974296875 0.14252777777777778 0.09932812499999999 0.28505555555555556
0 0.1590390625 0.7182499999999999 0.318078125 0.5634861111111111
0 0.4260625 0.7152777777777778 0.23158593750000006 0.5694444444444444
0 0.598046875 0.7048611111111112 0.19453125 0.5902777777777778
0 0.8387265625 0.7132916666666668 0.3024531249999999 0.5734166666666666
0 0.8529609375 0.028416666666666666 0.054132812499999974 0.05683333333333333
0 0.9193671875 0.03784722222222222 0.08872656250000013 0.07569444444444444
0 0.908203125 0.20208333333333334 0.18359375 0.36527777777777776