0 0.0745 0.7867083333333332 0.1489921875 0.42658333333333337
0 0.4333125 0.7633333333333334 0.39341406249999994 0.45525
0 0.828125 0.7777777777777778 0.34375 0.4444444444444444
0 0.3925703125 0.31422222222222224 0.24051562500000007 0.2871666666666667
0 0.6473125 0.2452361111111111 0.21205468750000006 0.24841666666666667
0 0.1676796875 0.11620833333333333 0.11885937499999999 0.21655555555555553
0 0.2910078125 0.2085138888888889 0.08649218750000003 0.23448611111111117
0 0.41238281250000003 0.24375 0.1953125 0.25734722222222217
0 0.4316328125 0.10827777777777779 0.16685156249999994 0.21256944444444445
0 0.9165703125 0.11620833333333333 0.16685937499999995 0.2046388888888889
0 0.7826328124999999 0.13358333333333333 0.09430468750000003 0.2512916666666667